   1    0 0
   1    0 1
 250    0 0
 250    0 1
 274    0 0
 274    0 1
 724    0 0
 724    0 1
   5    0 0
   5    0 1
 250    1 0
 250    1 1
 276    1 0
 276    1 1
 725    1 0
 725    1 1
   9    0 0
   9    0 1
 251    2 0
 251    2 1
 278    2 0
 278    2 1
 726    2 0
 726    2 1
  13    0 0
  13    0 1
 251    3 0
 251    3 1
 280    3 0
 280    3 1
 727    3 0
 727    3 1
  17    0 0
  17    0 1
 252    4 0
 252    4 1
 274    4 0
 274    4 1
 728    4 0
 728    4 1
  21    0 0
  21    0 1
 252    5 0
 252    5 1
 276    5 0
 276    5 1
 729    5 0
 729    5 1
  25    0 0
  25    0 1
 253    6 0
 253    6 1
 278    6 0
 278    6 1
 730    6 0
 730    6 1
  29    0 0
  29    0 1
 253    7 0
 253    7 1
 280    7 0
 280    7 1
 731    7 0
 731    7 1
  33    0 0
  33    0 1
 254    8 0
 254    8 1
 275    8 0
 275    8 1
 732    8 0
 732    8 1
  37    0 0
  37    0 1
 254    9 0
 254    9 1
 277    9 0
 277    9 1
 733    9 0
 733    9 1
  41    0 0
  41    0 1
 255   10 0
 255   10 1
 279   10 0
 279   10 1
 734   10 0
 734   10 1
  45    0 0
  45    0 1
 255   11 0
 255   11 1
 281   11 0
 281   11 1
 735   11 0
 735   11 1
  49    0 0
  49    0 1
 256   12 0
 256   12 1
 275   12 0
 275   12 1
 736   12 0
 736   12 1
  53    0 0
  53    0 1
 256   13 0
 256   13 1
 277   13 0
 277   13 1
 737   13 0
 737   13 1
  57    0 0
  57    0 1
 257   14 0
 257   14 1
 279   14 0
 279   14 1
 738   14 0
 738   14 1
  61    0 0
  61    0 1
 257   15 0
 257   15 1
 281   15 0
 281   15 1
 739   15 0
 739   15 1
  65    0 0
  65    0 1
 258   16 0
 258   16 1
 282   16 0
 282   16 1
 740   16 0
 740   16 1
  69    0 0
  69    0 1
 258   17 0
 258   17 1
 284   17 0
 284   17 1
 741   17 0
 741   17 1
  73    0 0
  73    0 1
 259   18 0
 259   18 1
 286   18 0
 286   18 1
 742   18 0
 742   18 1
  77    0 0
  77    0 1
 259   19 0
 259   19 1
 288   19 0
 288   19 1
 743   19 0
 743   19 1
  81    0 0
  81    0 1
 260   20 0
 260   20 1
 282   20 0
 282   20 1
 744   20 0
 744   20 1
  85    0 0
  85    0 1
 260   21 0
 260   21 1
 284   21 0
 284   21 1
 745   21 0
 745   21 1
  89    0 0
  89    0 1
 261   22 0
 261   22 1
 286   22 0
 286   22 1
 746   22 0
 746   22 1
  93    0 0
  93    0 1
 261   23 0
 261   23 1
 288   23 0
 288   23 1
 747   23 0
 747   23 1
  97    0 0
  97    0 1
 262   24 0
 262   24 1
 283   24 0
 283   24 1
 748   24 0
 748   24 1
 101    0 0
 101    0 1
 262   25 0
 262   25 1
 285   25 0
 285   25 1
 749   25 0
 749   25 1
 105    0 0
 105    0 1
 263   26 0
 263   26 1
 287   26 0
 287   26 1
 750   26 0
 750   26 1
 109    0 0
 109    0 1
 263   27 0
 263   27 1
 289   27 0
 289   27 1
 751   27 0
 751   27 1
 113    0 0
 113    0 1
 264   28 0
 264   28 1
 283   28 0
 283   28 1
 752   28 0
 752   28 1
 117    0 0
 117    0 1
 264   29 0
 264   29 1
 285   29 0
 285   29 1
 753   29 0
 753   29 1
 121    0 0
 121    0 1
 265   30 0
 265   30 1
 287   30 0
 287   30 1
 754   30 0
 754   30 1
 125    0 0
 125    0 1
 265   31 0
 265   31 1
 289   31 0
 289   31 1
 755   31 0
 755   31 1
 129    0 1
 130    0 1
 131    0 1
 132    0 1
 133    0 1
 134    0 1
 135    0 1
 136    0 1
 137    0 0
 137    0 1
 250    0 0
 250    0 1
 251    0 0
 251    0 1
 252    0 0
 252    0 1
 253    0 0
 253    0 1
 254    0 0
 254    0 1
 255    0 0
 255    0 1
 256    0 0
 256    0 1
 257    0 0
 257    0 1
 258    0 0
 258    0 1
 259    0 0
 259    0 1
 260    0 0
 260    0 1
 261    0 0
 261    0 1
 262    0 0
 262    0 1
 263    0 0
 263    0 1
 264    0 0
 264    0 1
 265    0 0
 265    0 1
 266    0 0
 266    0 1
 267    0 0
 267    0 1
 268    0 0
 268    0 1
 269    0 0
 269    0 1
 270    0 0
 270    0 1
 271    0 0
 271    0 1
 272    0 0
 272    0 1
 273    0 0
 273    0 1
 274    0 0
 274    0 1
 275    0 0
 275    0 1
 276    0 0
 276    0 1
 277    0 0
 277    0 1
 278    0 0
 278    0 1
 279    0 0
 279    0 1
 280    0 0
 280    0 1
 281    0 0
 281    0 1
 282    0 0
 282    0 1
 283    0 0
 283    0 1
 284    0 0
 284    0 1
 285    0 0
 285    0 1
 286    0 0
 286    0 1
 287    0 0
 287    0 1
 288    0 0
 288    0 1
 289    0 0
 289    0 1
 290    0 0
 290    0 1
 338    0 0
 338    0 1
 340    0 0
 340    0 1
 293    0 0
 293    0 1
 338    1 0
 338    1 1
 341    1 0
 341    1 1
 296    0 0
 296    0 1
 339    2 0
 339    2 1
 340    2 0
 340    2 1
 299    0 0
 299    0 1
 339    3 0
 339    3 1
 341    3 0
 341    3 1
 302    0 0
 302    0 1
 342    4 0
 342    4 1
 344    4 0
 344    4 1
 305    0 0
 305    0 1
 342    5 0
 342    5 1
 345    5 0
 345    5 1
 308    0 0
 308    0 1
 343    6 0
 343    6 1
 344    6 0
 344    6 1
 311    0 0
 311    0 1
 343    7 0
 343    7 1
 345    7 0
 345    7 1
 314    0 0
 314    0 1
 315    0 0
 315    0 1
 316    0 0
 316    0 1
 317    0 0
 317    0 1
 318    0 0
 318    0 1
 319    0 0
 319    0 1
 320    0 0
 320    0 1
 321    0 0
 321    0 1
 338    0 0
 338    0 1
 339    0 0
 339    0 1
 340    0 0
 340    0 1
 341    0 0
 341    0 1
 342    0 0
 342    0 1
 343    0 0
 343    0 1
 344    0 0
 344    0 1
 345    0 0
 345    0 1
 346    0 0
 346    0 1
 347    0 0
 347    0 1
 348    0 0
 348    0 1
 349    0 0
 349    0 1
 350    0 0
 350    0 1
 351    0 0
 351    0 1
 352    0 0
 352    0 1
 353    0 0
 353    0 1
 354    0 0
 354    0 1
 597    0 1
 692    0 1
 696    0 1
 700    0 1
 704    0 1
 640    0 1
 645    0 1
 367    0 0
 367    0 1
 596    1 1
 693    1 1
 697    1 1
 701    1 1
 705    1 1
 650    1 1
 655    1 1
 380    0 0
 380    0 1
 595    2 1
 694    2 1
 698    2 1
 702    2 1
 706    2 1
 640    2 1
 650    2 1
 393    0 0
 393    0 1
 594    3 1
 695    3 1
 699    3 1
 703    3 1
 707    3 1
 645    3 1
 655    3 1
 406    0 0
 406    0 1
 601    4 1
 708    4 1
 712    4 1
 716    4 1
 720    4 1
 620    4 1
 625    4 1
 419    0 0
 419    0 1
 600    5 1
 709    5 1
 713    5 1
 717    5 1
 721    5 1
 630    5 1
 635    5 1
 432    0 0
 432    0 1
 599    6 1
 710    6 1
 714    6 1
 718    6 1
 722    6 1
 620    6 1
 630    6 1
 445    0 0
 445    0 1
 598    7 1
 711    7 1
 715    7 1
 719    7 1
 723    7 1
 625    7 1
 635    7 1
 554    0 1
 555    0 1
 556    0 1
 557    0 1
 558    0 1
 559    0 1
 560    0 1
 561    0 1
 562    0 1
 563    0 1
 564    0 1
 565    0 1
 566    0 1
 567    0 1
 568    0 1
 569    0 1
 570    0 1
 571    0 1
 572    0 1
 573    0 1
 574    0 1
 575    0 1
 576    0 1
 577    0 1
 578    0 1
 579    0 1
 580    0 1
 581    0 1
 582    0 1
 583    0 1
 584    0 1
 585    0 1
 586    0 1
 587    0 1
 588    0 1
 589    0 1
 590    0 1
 591    0 1
 592    0 1
 593    0 1
 594    0 0
 595    0 0
 596    0 0
 597    0 0
 598    0 0
 599    0 0
 600    0 0
 601    0 0
 602    0 0
 602    0 1
 620    0 1
 625    0 1
 630    0 1
 635    0 1
 607    0 0
 607    0 1
 640    1 1
 645    1 1
 650    1 1
 655    1 1
 620    0 0
 620    0 1
 625    0 0
 625    0 1
 630    0 0
 630    0 1
 635    0 0
 635    0 1
 640    0 0
 640    0 1
 645    0 0
 645    0 1
 650    0 0
 650    0 1
 655    0 0
 655    0 1
 692    0 0
 692    0 1
 693    0 0
 693    0 1
 694    0 0
 694    0 1
 695    0 0
 695    0 1
 696    0 0
 696    0 1
 697    0 0
 697    0 1
 698    0 0
 698    0 1
 699    0 0
 699    0 1
 700    0 0
 700    0 1
 701    0 0
 701    0 1
 702    0 0
 702    0 1
 703    0 0
 703    0 1
 704    0 0
 704    0 1
 705    0 0
 705    0 1
 706    0 0
 706    0 1
 707    0 0
 707    0 1
 708    0 0
 708    0 1
 709    0 0
 709    0 1
 710    0 0
 710    0 1
 711    0 0
 711    0 1
 712    0 0
 712    0 1
 713    0 0
 713    0 1
 714    0 0
 714    0 1
 715    0 0
 715    0 1
 716    0 0
 716    0 1
 717    0 0
 717    0 1
 718    0 0
 718    0 1
 719    0 0
 719    0 1
 720    0 0
 720    0 1
 721    0 0
 721    0 1
 722    0 0
 722    0 1
 723    0 0
 723    0 1
 724    0 0
 724    0 1
 725    0 0
 725    0 1
 726    0 0
 726    0 1
 727    0 0
 727    0 1
 728    0 0
 728    0 1
 729    0 0
 729    0 1
 730    0 0
 730    0 1
 731    0 0
 731    0 1
 732    0 0
 732    0 1
 733    0 0
 733    0 1
 734    0 0
 734    0 1
 735    0 0
 735    0 1
 736    0 0
 736    0 1
 737    0 0
 737    0 1
 738    0 0
 738    0 1
 739    0 0
 739    0 1
 740    0 0
 740    0 1
 741    0 0
 741    0 1
 742    0 0
 742    0 1
 743    0 0
 743    0 1
 744    0 0
 744    0 1
 745    0 0
 745    0 1
 746    0 0
 746    0 1
 747    0 0
 747    0 1
 748    0 0
 748    0 1
 749    0 0
 749    0 1
 750    0 0
 750    0 1
 751    0 0
 751    0 1
 752    0 0
 752    0 1
 753    0 0
 753    0 1
 754    0 0
 754    0 1
 755    0 0
 755    0 1
