   1    0 0
   1    0 1
   4    0 0
   4    0 1
   7    0 0
   7    0 1
  10    0 0
  10    0 1
  13    0 0
  13    0 1
  16    0 0
  16    0 1
  19    0 0
  19    0 1
  22    0 0
  22    0 1
  25    0 0
  25    0 1
  28    0 0
  28    0 1
  31    0 0
  31    0 1
  34    0 0
  34    0 1
  37    0 0
  37    0 1
  40    0 0
  40    0 1
  43    0 0
  43    0 1
  46    0 0
  46    0 1
  49    0 0
  49    0 1
 592  210 1
 897  210 1
 907  210 1
  53    0 0
  53    0 1
 724  214 1
 899  214 1
  56    0 0
  56    0 1
 643  217 1
 898  217 1
 910  217 1
  60    0 0
  60    0 1
 655  221 1
 903  221 1
  63    0 0
  63    0 1
 574  224 1
 251  224 1
  66    0 0
  66    0 1
 586  227 1
 252  227 1
  69    0 0
  69    0 1
  72    0 0
  72    0 1
 603  237 1
  76    0 0
  76    0 1
2815  469 1
  79    0 0
  79    0 1
2829  472 1
  82    0 0
  82    0 1
2818  475 1
  85    0 0
  85    0 1
2821  478 1
  88    0 0
  88    0 1
 251  898 1
  91    0 0
  91    0 1
 252  900 1
  94    0 0
  94    0 1
  99    0 0
  99    0 1
2800  952 1
 104    0 0
 104    0 1
 190    0 0
 190    0 1
 194    0 0
 194    0 1
 197    0 0
 197    0 1
 201    0 0
 201    0 1
 206    0 0
 206    0 1
 209    0 0
 209    0 1
 212    0 0
 212    0 1
 216    0 0
 216    0 1
 220    0 0
 220    0 1
 225    0 0
 225    0 1
 229    0 0
 229    0 1
 232    0 0
 232    0 1
 235    0 0
 235    0 1
 239    0 0
 239    0 1
 243    0 0
 243    0 1
 247    0 0
 247    0 1
 251    0 1
 252    0 1
 253    0 0
 253    0 1
 592  241 1
 724  241 1
 256    0 1
 257    0 0
 257    0 1
 643  245 1
 655  245 1
 260    0 0
 260    0 1
 603  248 1
 608  248 1
 263    0 0
 263    0 1
 266    0 0
 266    0 1
 269    0 0
 269    0 1
 272    0 0
 272    0 1
 275    0 1
 276    0 1
 277    0 0
 277    0 1
 601  907 1
 921  907 1
 280    0 0
 280    0 1
 602  909 1
 922  909 1
 283    0 0
 283    0 1
2812  911 1
2815  911 1
2829  911 1
2818  911 1
2821  911 1
2824  911 1
 290    0 0
 290    0 1
2078  918 1
2081  918 1
2062  918 1
1858  918 1
1802  918 1
1889  918 1
 297    0 0
 297    0 1
 921  919 1
 922  919 1
 300    0 0
 300    0 1
 608  922 1
 612  922 1
 303    0 0
 303    0 1
 926  926 1
 923  926 1
 306    0 0
 306    0 1
 550  930 1
 551  930 1
 552  930 1
 553  930 1
 554  930 1
 555  930 1
 313    0 0
 313    0 1
2384  932 1
2384  932 1
 316    0 0
 316    0 1
 682  934 1
 685  934 1
 319    0 0
 319    0 1
 574  938 1
 586  938 1
 592  938 1
 724  938 1
 643  938 1
 655  938 1
 326    0 0
 326    0 1
 601  943 1
 602  943 1
 921  943 1
 922  943 1
 331    0 0
 331    0 1
 550  947 1
 551  947 1
 552  947 1
 553  947 1
 554  947 1
 555  947 1
 338    0 0
 338    0 1
2384  949 1
2800  949 1
 926  949 1
 923  949 1
 343    0 0
 343    0 1
2720 1506 1
 346    0 0
 346    0 1
2721 1514 1
 349    0 0
 349    0 1
2722 1522 1
 352    0 0
 352    0 1
2723 1530 1
 355    0 0
 355    0 1
2757 1538 1
 358    0 0
 358    0 1
2758 1546 1
 361    0 0
 361    0 1
2759 1554 1
 364    0 0
 364    0 1
2760 1562 1
 367    0 0
 367    0 1
2761 1570 1
 370    0 0
 370    0 1
2734 1578 1
 373    0 0
 373    0 1
2763 1586 1
 376    0 0
 376    0 1
2764 1594 1
 379    0 0
 379    0 1
2765 1602 1
 382    0 0
 382    0 1
2766 1610 1
 385    0 0
 385    0 1
2743 1618 1
 388    0 0
 388    0 1
2744 1626 1
 534    0 1
 535    0 1
 536    0 1
 537    0 1
 538    0 1
 539    0 1
 540    0 1
 541    0 1
 542    0 1
 543    0 1
 544    0 1
 545    0 1
 546    0 1
 547    0 1
 548    0 1
 549    0 1
 550    0 1
 551    0 1
 552    0 1
 553    0 1
 554    0 1
 555    0 1
 556    0 0
 556    0 1
 559    0 0
 559    0 1
 562    0 0
 562    0 1
 565    0 0
 565    0 1
 568    0 0
 568    0 1
 571    0 0
 571    0 1
 574    0 0
 574    0 1
 577    0 0
 577    0 1
 580    0 0
 580    0 1
 583    0 0
 583    0 1
 586    0 0
 586    0 1
 589    0 0
 589    0 1
 592    0 0
 592    0 1
 595    0 0
 595    0 1
 598    0 0
 598    0 1
 601    0 1
 602    0 1
 603    0 0
 603    0 1
 921  893 1
 926  893 1
 923  893 1
 922  893 1
 608    0 0
 608    0 1
 898  954 1
 903  954 1
 910  954 1
 612    0 0
 612    0 1
 897  955 1
 899  955 1
 907  955 1
 616    0 0
 616    0 1
1055 1050 1
 619    0 0
 619    0 1
1054 1053 1
 622    0 0
 622    0 1
1064 1176 1
 625    0 0
 625    0 1
1063 1179 1
 628    0 0
 628    0 1
1322 1197 1
 631    0 0
 631    0 1
1267 1207 1
 634    0 0
 634    0 1
1433 1222 1
 637    0 0
 637    0 1
1434 1244 1
 640    0 0
 640    0 1
1438 1278 1
 643    0 0
 643    0 1
1706 1290 1
 646    0 0
 646    0 1
1439 1300 1
 649    0 0
 649    0 1
1412 1312 1
 652    0 0
 652    0 1
1068 1332 1
 655    0 0
 655    0 1
1067 1335 1
 658    0 0
 658    0 1
2235 1442 1
 661    0 0
 661    0 1
2234 1450 1
 664    0 0
 664    0 1
2231 1458 1
 667    0 0
 667    0 1
2230 1466 1
 670    0 0
 670    0 1
2009 1474 1
 673    0 0
 673    0 1
2008 1482 1
 676    0 0
 676    0 1
1942 1490 1
 679    0 0
 679    0 1
1941 1498 1
 682    0 0
 682    0 1
2881 1634 1
 685    0 0
 685    0 1
2882 1644 1
 688    0 0
 688    0 1
1309 1657 1
 691    0 0
 691    0 1
1310 1665 1
 694    0 0
 694    0 1
1311 1697 1
 697    0 0
 697    0 1
1312 1705 1
 700    0 0
 700    0 1
1313 1713 1
 703    0 0
 703    0 1
1314 1721 1
 706    0 0
 706    0 1
1315 1745 1
 709    0 0
 709    0 1
1316 1753 1
 712    0 0
 712    0 1
1317 1785 1
 715    0 0
 715    0 1
1318 1793 1
 718    0 0
 718    0 1
1120 1814 1
 721    0 0
 721    0 1
1119 1817 1
 724    0 0
 724    0 1
1122 1830 1
 727    0 0
 727    0 1
1121 1833 1
 730    0 0
 730    0 1
1327 1841 1
 733    0 0
 733    0 1
1328 1849 1
 736    0 0
 736    0 1
1129 1854 1
 739    0 0
 739    0 1
1128 1857 1
 742    0 0
 742    0 1
1131 1870 1
 745    0 0
 745    0 1
1130 1873 1
 748    0 0
 748    0 1
1133 1878 1
 751    0 0
 751    0 1
1132 1881 1
 886    0 1
 887    0 1
 888    0 1
 889    0 1
 890    0 1
 891    0 1
 892    0 1
 893    0 1
 894    0 1
 895    0 1
 896    0 1
 897    0 1
 898    0 1
 899    0 0
 899    0 1
2279  482 1
 903    0 0
 903    0 1
2279  487 1
 907    0 0
 907    0 1
 910    0 0
 910    0 1
 913    0 1
 914    0 1
 915    0 1
 916    0 1
 917    0 1
 918    0 1
 919    0 1
 920    0 1
 921    0 1
 922    0 1
 923    0 0
 923    0 1
1171  978 1
1188  978 1
 926    0 0
 926    0 1
2627  979 1
2628  979 1
2629  979 1
2630  979 1
2631  979 1
2632  979 1
2633  979 1
2634  979 1
 935    0 0
 935    0 1
1488  980 1
 938    0 1
 939    0 0
 939    0 1
1487  990 1
 942    0 1
 943    0 0
 943    0 1
1489 1030 1
 946    0 1
 947    0 0
 947    0 1
1492 1040 1
 950    0 1
 951    0 0
 951    0 1
1494 1058 1
 954    0 1
 955    0 0
 955    0 1
1493 1068 1
 958    0 1
 959    0 0
 959    0 1
1837 1078 1
 962    0 0
 962    0 1
1825 1090 1
 965    0 0
 965    0 1
1500 1100 1
 968    0 1
 969    0 0
 969    0 1
1495 1112 1
 972    0 1
 973    0 0
 973    0 1
1501 1154 1
 976    0 1
 977    0 0
 977    0 1
1496 1166 1
 980    0 1
 981    0 0
 981    0 1
1231 1194 1
 984    0 1
 985    0 0
 985    0 1
1160 1204 1
 988    0 1
 989    0 1
 990    0 1
 991    0 1
 992    0 1
 993    0 1
 994    0 0
 994    0 1
1504 1256 1
 997    0 1
 998    0 0
 998    0 1
1498 1268 1
1001    0 1
1002    0 1
1003    0 1
1004    0 1
1005    0 1
1006    0 1
1007    0 1
1008    0 1
1009    0 1
1010    0 0
1010    0 1
1206 1654 1
1013    0 0
1013    0 1
1208 1662 1
1016    0 0
1016    0 1
1210 1694 1
1019    0 0
1019    0 1
1212 1702 1
1022    0 0
1022    0 1
1214 1710 1
1025    0 0
1025    0 1
1216 1718 1
1028    0 0
1028    0 1
1712 1726 1
1031    0 0
1031    0 1
1713 1734 1
1034    0 0
1034    0 1
1221 1742 1
1037    0 0
1037    0 1
1224 1750 1
1040    0 0
1040    0 1
1226 1782 1
1043    0 0
1043    0 1
1229 1790 1
1046    0 0
1046    0 1
1239 1838 1
1049    0 0
1049    0 1
1242 1846 1
1054    0 1
1055    0 1
1063    0 1
1064    0 1
1067    0 1
1068    0 1
1119    0 1
1120    0 1
1121    0 1
1122    0 1
1128    0 1
1129    0 1
1130    0 1
1131    0 1
1132    0 1
1133    0 1
1148    0 1
1149    0 1
1151    0 1
1152    0 1
1153    0 1
1154    0 1
1155    0 1
1156    0 1
1157    0 1
1159    0 1
1160    0 1
1161    0 1
1163    0 1
1164    0 0
1164    0 1
2386  566 1
2266  566 1
1167    0 1
1168    0 0
1168    0 1
2427  615 1
2272  615 1
1171    0 0
1171    0 1
2537  958 1
2540  958 1
2543  958 1
2546  958 1
2594  958 1
2597  958 1
2600  958 1
2603  958 1
2558  958 1
2561  958 1
2564  958 1
2567  958 1
2639  958 1
2642  958 1
2645  958 1
2648  958 1
1188    0 0
1188    0 1
2606  969 1
2549  969 1
2611  969 1
2614  969 1
2617  969 1
2620  969 1
2552  969 1
2555  969 1
2651  969 1
2570  969 1
2655  969 1
2658  969 1
2661  969 1
2664  969 1
2573  969 1
2576  969 1
1205    0 1
1206    0 1
1207    0 1
1208    0 1
1209    0 1
1210    0 1
1211    0 1
1212    0 1
1213    0 1
1214    0 1
1215    0 1
1216    0 1
1217    0 1
1218    0 1
1219    0 1
1220    0 1
1221    0 1
1222    0 1
1223    0 1
1224    0 1
1225    0 1
1226    0 1
1227    0 1
1228    0 1
1229    0 1
1230    0 1
1231    0 1
1232    0 0
1232    0 1
1387 1227 1
1235    0 0
1235    0 1
1389 1249 1
1238    0 1
1239    0 1
1240    0 1
1241    0 1
1242    0 1
1243    0 0
1243    0 1
1397 1283 1
1246    0 0
1246    0 1
1399 1305 1
1249    0 0
1249    0 1
1345 1317 1
1252    0 0
1252    0 1
2233 1410 1
1255    0 0
1255    0 1
2232 1418 1
1258    0 0
1258    0 1
2025 1426 1
1261    0 0
1261    0 1
2024 1434 1
1264    0 0
1264    0 1
1267    0 1
1309    0 1
1310    0 1
1311    0 1
1312    0 1
1313    0 1
1314    0 1
1315    0 1
1316    0 1
1317    0 1
1318    0 1
1319    0 0
1319    0 1
1852 1184 1
1322    0 1
1327    0 1
1328    0 1
1334    0 0
1334    0 1
1801 1322 1
1345    0 1
1346    0 1
1348    0 1
1349    0 1
1350    0 1
1351    0 1
1352    0 0
1352    0 1
1445  985 1
1355    0 0
1355    0 1
1443  995 1
1358    0 0
1358    0 1
1447 1035 1
1361    0 0
1361    0 1
1451 1045 1
1364    0 0
1364    0 1
1455 1063 1
1367    0 0
1367    0 1
1453 1073 1
1370    0 0
1370    0 1
1469 1105 1
1373    0 0
1373    0 1
1457 1117 1
1376    0 0
1376    0 1
1471 1159 1
1379    0 0
1379    0 1
1459 1171 1
1383    0 0
1383    0 1
2897 1212 1
1386    0 1
1387    0 1
1388    0 1
1389    0 1
1390    0 0
1390    0 1
1476 1261 1
1393    0 0
1393    0 1
1462 1273 1
1396    0 1
1397    0 1
1398    0 1
1399    0 1
1409    0 1
1412    0 1
1413    0 1
1416    0 0
1416    0 1
1849 1000 1
1419    0 0
1419    0 1
1848 1010 1
1433    0 1
1434    0 1
1438    0 1
1439    0 1
1440    0 0
1440    0 1
2023 1381 1
1443    0 1
1444    0 1
1445    0 1
1446    0 1
1447    0 1
1448    0 1
1451    0 1
1452    0 1
1453    0 1
1454    0 1
1455    0 1
1456    0 1
1457    0 1
1458    0 1
1459    0 1
1460    0 1
1461    0 1
1462    0 1
1463    0 1
1468    0 1
1469    0 1
1470    0 1
1471    0 1
1472    0 0
1472    0 1
1769 1234 1
1475    0 1
1476    0 1
1478    0 0
1478    0 1
1636 1822 1
1481    0 0
1481    0 1
1568 1862 1
1484    0 0
1484    0 1
1567 1865 1
1487    0 1
1488    0 1
1489    0 1
1490    0 1
1491    0 1
1492    0 1
1493    0 1
1494    0 1
1495    0 1
1496    0 1
1498    0 1
1499    0 1
1500    0 1
1501    0 1
1504    0 1
1510    0 0
1510    0 1
1688 1886 1
1514    0 0
1514    0 1
1517    0 0
1517    0 1
1522    0 0
1522    0 1
1528    0 1
1530    0 1
1531    0 1
1532    0 1
1534    0 0
1534    0 1
2039 1373 1
1537    0 0
1537    0 1
1759 1798 1
1540    0 0
1540    0 1
1594 1825 1
1546    0 0
1546    0 1
1554    0 0
1554    0 1
1557    0 0
1557    0 1
1561    0 0
1561    0 1
1567    0 1
1568    0 1
1569    0 1
1571    0 0
1571    0 1
2037 1777 1
1576    0 0
1576    0 1
1638 1889 1
1588    0 0
1588    0 1
1591    0 1
1593    0 1
1594    0 1
1595    0 1
1596    0 0
1596    0 1
1671 1295 1
1600    0 0
1600    0 1
1746 1670 1
1603    0 0
1603    0 1
1747 1678 1
1606    0 0
1606    0 1
1678 1729 1
1609    0 0
1609    0 1
1680 1737 1
1612    0 0
1612    0 1
1809 1761 1
1615    0 0
1615    0 1
1810 1769 1
1620    0 0
1620    0 1
1623    0 0
1623    0 1
1635    0 1
1636    0 1
1638    0 1
1639    0 1
1640    0 0
1640    0 1
1897 1340 1
1643    0 0
1643    0 1
1885 1352 1
1647    0 0
1647    0 1
1708 1673 1
1651    0 0
1651    0 1
1710 1681 1
1658    0 0
1658    0 1
1720 1801 1
1661    0 0
1661    0 1
1791 1897 1
1664    0 0
1664    0 1
1792 1905 1
1671    0 1
1672    0 1
1675    0 1
1677    0 1
1678    0 1
1679    0 1
1680    0 1
1681    0 1
1682    0 1
1683    0 1
1685    0 0
1685    0 1
1740 1239 1
1688    0 1
1697    0 0
1697    0 1
1762 1894 1
1701    0 0
1701    0 1
1764 1902 1
1706    0 1
1707    0 1
1708    0 1
1709    0 1
1710    0 1
1711    0 1
1712    0 1
1713    0 1
1714    0 0
1714    0 1
1924 1122 1
1717    0 0
1717    0 1
1911 1134 1
1720    0 1
1721    0 1
1723    0 0
1723    0 1
1772 1327 1
1727    0 1
1728    0 1
1730    0 1
1731    0 0
1731    0 1
1784 1758 1
1734    0 0
1734    0 1
1787 1766 1
1740    0 1
1741    0 1
1742    0 0
1742    0 1
1802  393 1
1746    0 1
1747    0 1
1748    0 0
1748    0 1
1808 1083 1
1751    0 0
1751    0 1
1795 1095 1
1759    0 1
1761    0 1
1762    0 1
1763    0 1
1764    0 1
1768    0 1
1769    0 1
1772    0 1
1773    0 1
1774    0 0
1774    0 1
1823 1005 1
1777    0 0
1777    0 1
1821 1015 1
1783    0 1
1784    0 1
1785    0 1
1786    0 1
1787    0 1
1788    0 0
1788    0 1
1826 1189 1
1791    0 1
1792    0 1
1795    0 1
1796    0 1
1798    0 0
1798    0 1
1858  379 1
1801    0 1
1802    0 0
1802    0 1
1807    0 1
1808    0 1
1809    0 1
1810    0 1
1812    0 0
1812    0 1
1865 1345 1
1815    0 0
1815    0 1
1855 1357 1
1818    0 0
1818    0 1
2869 1397 1
1821    0 1
1822    0 1
1823    0 1
1824    0 1
1825    0 1
1826    0 1
1827    0 1
1830    0 0
1830    0 1
1889  401 1
1837    0 1
1838    0 0
1838    0 1
1896 1127 1
1841    0 0
1841    0 1
1882 1139 1
1848    0 1
1849    0 1
1852    0 1
1855    0 1
1856    0 1
1857    0 1
1858    0 0
1858    0 1
1864    0 1
1865    0 1
1866    0 0
1866    0 1
2868 1389 1
1869    0 0
1869    0 1
1921 1493 1
1872    0 0
1872    0 1
1919 1501 1
1875    0 0
1875    0 1
2036 1689 1
1879    0 0
1879    0 1
1882    0 1
1883    0 1
1885    0 1
1889    0 0
1889    0 1
1895    0 1
1896    0 1
1897    0 1
1898    0 0
1898    0 1
2020 1365 1
1902    0 0
1902    0 1
2870 1405 1
1910    0 1
1911    0 1
1912    0 1
1915    0 1
1919    0 1
1920    0 1
1921    0 1
1922    0 1
1923    0 1
1924    0 1
1927    0 0
1927    0 1
1977 1477 1
1930    0 0
1930    0 1
1975 1485 1
1933    0 0
1933    0 1
2875 1809 1
1937    0 1
1938    0 1
1941    0 1
1942    0 1
1944    0 0
1944    0 1
2000 1362 1
1947    0 0
1947    0 1
2003 1378 1
1950    0 0
1950    0 1
2006 1429 1
1953    0 0
1953    0 1
2004 1437 1
1958    0 0
1958    0 1
2014 1686 1
1961    0 0
1961    0 1
2016 1774 1
1965    0 0
1965    0 1
2827 1910 1
1968    0 0
1968    0 1
2828 1918 1
1975    0 1
1976    0 1
1977    0 1
1978    0 1
1980    0 0
1980    0 1
1985    0 1
1987    0 0
1987    0 1
2022 1370 1
1999    0 1
2000    0 1
2002    0 1
2003    0 1
2004    0 1
2005    0 1
2006    0 1
2007    0 1
2008    0 1
2009    0 1
2012    0 1
2013    0 1
2014    0 1
2015    0 1
2016    0 1
2018    0 1
2019    0 1
2020    0 1
2021    0 1
2022    0 1
2023    0 1
2024    0 1
2025    0 1
2027    0 0
2027    0 1
2030    0 0
2030    0 1
2104  719 1
2129  719 1
2033    0 0
2033    0 1
2119  722 1
2143  722 1
2036    0 1
2037    0 1
2039    0 1
2040    0 1
2042    0 0
2042    0 1
2047    0 1
2052    0 0
2052    0 1
2866 1025 1
2055    0 0
2055    0 1
2867 1149 1
2060    0 1
2061    0 1
2062    0 0
2062    0 1
2067    0 1
2068    0 0
2068    0 1
2104  725 1
2119  725 1
2071    0 0
2071    0 1
2129  728 1
2143  728 1
2076    0 1
2077    0 1
2078    0 0
2078    0 1
2081    0 0
2081    0 1
2086    0 0
2086    0 1
2340  663 1
2361  663 1
2089    0 0
2089    0 1
2353  666 1
2375  666 1
2104    0 0
2104    0 1
2558  731 1
2537  731 1
2567  731 1
2546  731 1
2645  731 1
2600  731 1
2661  731 1
2617  731 1
2627  731 1
2628  731 1
2629  731 1
2632  731 1
2633  731 1
2634  731 1
2119    0 0
2119    0 1
2564  746 1
2543  746 1
2642  746 1
2597  746 1
2570  746 1
2549  746 1
2658  746 1
2614  746 1
2631  746 1
2129    0 0
2129    0 1
2561  756 1
2540  756 1
2639  756 1
2594  756 1
2651  756 1
2606  756 1
2655  756 1
2611  756 1
2664  756 1
2620  756 1
2576  756 1
2555  756 1
2630  756 1
2143    0 0
2143    0 1
2648  770 1
2603  770 1
2573  770 1
2552  770 1
2148    0 0
2148    0 1
2216 1461 1
2151    0 0
2151    0 1
2214 1469 1
2196    0 0
2196    0 1
2224 1413 1
2199    0 0
2199    0 1
2222 1421 1
2202    0 0
2202    0 1
2228 1445 1
2205    0 0
2205    0 1
2226 1453 1
2214    0 1
2215    0 1
2216    0 1
2217    0 1
2222    0 1
2223    0 1
2224    0 1
2225    0 1
2226    0 1
2227    0 1
2228    0 1
2229    0 1
2230    0 1
2231    0 1
2232    0 1
2233    0 1
2234    0 1
2235    0 1
2237    0 0
2237    0 1
2241    0 0
2241    0 1
2266  500 1
2245    0 0
2245    0 1
2272  525 1
2250    0 1
2253    0 1
2256    0 1
2257    0 0
2257    0 1
2340  669 1
2353  669 1
2260    0 0
2260    0 1
2361  672 1
2375  672 1
2263    0 0
2263    0 1
2385  569 1
2386  569 1
2266    0 0
2266    0 1
2269    0 0
2269    0 1
2426  618 1
2427  618 1
2272    0 0
2272    0 1
2279    0 0
2279    0 1
2384  867 1
2800  867 1
2286    0 0
2286    0 1
2558  588 1
2537  588 1
2561  588 1
2540  588 1
2564  588 1
2543  588 1
2567  588 1
2546  588 1
2639  588 1
2594  588 1
2297    0 0
2297    0 1
2642  588 1
2597  588 1
2645  588 1
2600  588 1
2648  588 1
2603  588 1
2651  588 1
2606  588 1
2570  588 1
2549  588 1
2573  588 1
2552  588 1
2576  588 1
2555  588 1
2627  588 1
2315    0 0
2315    0 1
2558  639 1
2537  639 1
2561  639 1
2540  639 1
2564  639 1
2543  639 1
2567  639 1
2546  639 1
2570  639 1
2549  639 1
2326    0 0
2326    0 1
2655  639 1
2611  639 1
2658  639 1
2614  639 1
2661  639 1
2617  639 1
2664  639 1
2620  639 1
2573  639 1
2552  639 1
2576  639 1
2555  639 1
2628  639 1
2340    0 0
2340    0 1
2561  675 1
2540  675 1
2564  675 1
2543  675 1
2648  675 1
2603  675 1
2627  675 1
2628  675 1
2630  675 1
2631  675 1
2633  675 1
2634  675 1
2353    0 0
2353    0 1
2567  688 1
2546  688 1
2651  688 1
2606  688 1
2664  688 1
2620  688 1
2632  688 1
2361    0 0
2361    0 1
2558  696 1
2537  696 1
2639  696 1
2594  696 1
2642  696 1
2597  696 1
2655  696 1
2611  696 1
2658  696 1
2614  696 1
2573  696 1
2552  696 1
2629  696 1
2375    0 0
2375    0 1
2645  710 1
2600  710 1
2570  710 1
2549  710 1
2661  710 1
2617  710 1
2576  710 1
2555  710 1
2384    0 0
2385    0 1
2386    0 0
2386    0 1
2655  573 1
2611  573 1
2658  573 1
2614  573 1
2661  573 1
2617  573 1
2664  573 1
2620  573 1
2628  573 1
2629  573 1
2630  573 1
2631  573 1
2632  573 1
2633  573 1
2426    0 1
2427    0 0
2427    0 1
2639  622 1
2594  622 1
2642  622 1
2597  622 1
2645  622 1
2600  622 1
2648  622 1
2603  622 1
2651  622 1
2606  622 1
2627  622 1
2629  622 1
2630  622 1
2631  622 1
2632  622 1
2634  622 1
2537    0 0
2537    0 1
2747  776 1
2745  776 1
2540    0 0
2540    0 1
2747  780 1
2745  780 1
2543    0 0
2543    0 1
2747  784 1
2745  784 1
2546    0 0
2546    0 1
2747  788 1
2745  788 1
2549    0 0
2549    0 1
2750  812 1
2746  812 1
2552    0 0
2552    0 1
2750  832 1
2746  832 1
2555    0 0
2555    0 1
2750  836 1
2746  836 1
2558    0 0
2558    0 1
2669 1509 1
2561    0 0
2561    0 1
2671 1517 1
2564    0 0
2564    0 1
2673 1525 1
2567    0 0
2567    0 1
2675 1533 1
2570    0 0
2570    0 1
2682 1581 1
2573    0 0
2573    0 1
2688 1621 1
2576    0 0
2576    0 1
2690 1629 1
2594    0 0
2594    0 1
2747  792 1
2745  792 1
2597    0 0
2597    0 1
2747  796 1
2745  796 1
2600    0 0
2600    0 1
2747  800 1
2745  800 1
2603    0 0
2603    0 1
2747  804 1
2745  804 1
2606    0 0
2606    0 1
2750  808 1
2746  808 1
2611    0 0
2611    0 1
2750  816 1
2746  816 1
2614    0 0
2614    0 1
2750  820 1
2746  820 1
2617    0 0
2617    0 1
2750  824 1
2746  824 1
2620    0 0
2620    0 1
2750  828 1
2746  828 1
2627    0 1
2628    0 1
2629    0 1
2630    0 1
2631    0 1
2632    0 1
2633    0 1
2634    0 1
2639    0 0
2639    0 1
2724 1541 1
2642    0 0
2642    0 1
2726 1549 1
2645    0 0
2645    0 1
2728 1557 1
2648    0 0
2648    0 1
2730 1565 1
2651    0 0
2651    0 1
2732 1573 1
2655    0 0
2655    0 1
2735 1589 1
2658    0 0
2658    0 1
2737 1597 1
2661    0 0
2661    0 1
2739 1605 1
2664    0 0
2664    0 1
2741 1613 1
2669    0 1
2670    0 1
2671    0 1
2672    0 1
2673    0 1
2674    0 1
2675    0 1
2676    0 1
2682    0 1
2683    0 1
2688    0 1
2689    0 1
2690    0 1
2691    0 1
2710    0 1
2720    0 1
2721    0 1
2722    0 1
2723    0 1
2724    0 1
2725    0 1
2726    0 1
2727    0 1
2728    0 1
2729    0 1
2730    0 1
2731    0 1
2732    0 1
2733    0 1
2734    0 1
2735    0 1
2736    0 1
2737    0 1
2738    0 1
2739    0 1
2740    0 1
2741    0 1
2742    0 1
2743    0 1
2744    0 1
2745    0 1
2746    0 1
2747    0 0
2747    0 1
2789  863 1
2788  863 1
2750    0 0
2750    0 1
2789  865 1
2788  865 1
2753    0 0
2753    0 1
2754    0 0
2754    0 1
2755    0 0
2755    0 1
2756    0 0
2756    0 1
2757    0 1
2758    0 1
2759    0 1
2760    0 1
2761    0 1
2762    0 0
2762    0 1
2763    0 1
2764    0 1
2765    0 1
2766    0 1
2767    0 0
2767    0 1
2768    0 0
2768    0 1
2773    0 0
2773    0 1
2807 1913 1
2776    0 0
2776    0 1
2809 1921 1
2779    0 0
2779    0 1
2780    0 0
2780    0 1
2781    0 0
2781    0 1
2782    0 0
2782    0 1
2783    0 0
2783    0 1
2784    0 0
2784    0 1
2785    0 0
2785    0 1
2786    0 0
2786    0 1
2787    0 0
2787    0 1
2788    0 1
2789    0 0
2789    0 1
2812  462 1
2815  462 1
2829  462 1
2818  462 1
2821  462 1
2824  462 1
2800    0 0
2807    0 1
2808    0 1
2809    0 1
2810    0 1
2811    0 0
2811    0 1
2812    0 0
2812    0 1
2850 1020 1
2815    0 0
2815    0 1
2851 1144 1
2818    0 0
2818    0 1
2852 1386 1
2821    0 0
2821    0 1
2853 1394 1
2824    0 0
2824    0 1
2854 1402 1
2827    0 1
2828    0 1
2829    0 0
2829    0 1
2863 1806 1
2843    0 0
2843    0 1
2871 1639 1
2846    0 0
2846    0 1
2873 1649 1
2850    0 1
2851    0 1
2852    0 1
2853    0 1
2854    0 1
2857    0 1
2858    0 1
2859    0 1
2860    0 1
2861    0 1
2862    0 1
2863    0 1
2866    0 1
2867    0 1
2868    0 1
2869    0 1
2870    0 1
2871    0 1
2872    0 1
2873    0 1
2874    0 1
2875    0 1
2876    0 1
2877    0 1
2878    0 1
2879    0 1
2880    0 1
2881    0 1
2882    0 1
2883    0 0
2883    0 1
2895 1217 1
2886    0 0
2886    0 1
2887    0 0
2887    0 1
2888    0 0
2888    0 1
2889    0 0
2889    0 1
2890    0 0
2890    0 1
2891    0 0
2891    0 1
2892    0 0
2892    0 1
2895    0 1
2896    0 1
2897    0 1
2898    0 1
2899    0 0
2899    0 1
