   1    0 1
   2    0 1
   3    0 1
   4    0 1
   5    0 1
   6    0 1
   7    0 1
   8    0 0
   8    0 1
  11    0 0
  11    0 1
1069   11 1
 543   11 1
  14    0 1
  15    0 1
  16    0 0
  16    0 1
  19    0 1
  20    0 1
  21    0 1
  22    0 1
  23    0 1
  24    0 1
  25    0 1
  26    0 1
  27    0 1
  28    0 1
  29    0 0
  29    0 1
  32    0 1
  33    0 1
  34    0 1
  35    0 1
  36    0 1
  37    0 0
  37    0 1
 499   37 1
 499   37 1
  40    0 0
  40    0 1
2113   40 1
2250   40 1
  43    0 1
  44    0 0
  44    0 1
 544   44 1
  47    0 1
  48    0 1
  49    0 1
  50    0 1
  51    0 1
  52    0 1
  53    0 1
  54    0 1
  55    0 1
  56    0 1
  57    0 0
  57    0 1
 547   57 1
  60    0 1
  61    0 1
  62    0 1
  63    0 1
  64    0 1
  65    0 1
  66    0 1
  67    0 1
  68    0 1
  69    0 0
  69    0 1
 547   69 1
  72    0 1
  73    0 1
  74    0 1
  75    0 1
  76    0 1
  77    0 1
  78    0 1
  79    0 1
  80    0 1
  81    0 1
  82    0 0
  82    0 1
 544   82 1
  85    0 1
  86    0 1
  87    0 1
  88    0 1
  89    0 1
  90    0 1
  91    0 1
  92    0 1
  93    0 1
  94    0 1
  95    0 1
  96    0 0
  96    0 1
 544   96 1
  99    0 1
 100    0 1
 101    0 1
 102    0 1
 103    0 1
 104    0 1
 105    0 1
 106    0 1
 107    0 1
 108    0 0
 108    0 1
 547  108 1
 111    0 1
 112    0 1
 113    0 1
 114    0 1
 115    0 1
 116    0 1
 117    0 1
 118    0 1
 119    0 1
 120    0 0
 120    0 1
 547  120 1
 123    0 1
 124    0 1
 125    0 1
 126    0 1
 127    0 1
 128    0 1
 129    0 1
 130    0 1
 131    0 1
 132    0 0
 132    0 1
 544  132 1
 135    0 1
 136    0 1
 137    0 1
 138    0 1
 139    0 1
 140    0 1
 141    0 1
 142    0 1
 143    0 0
 143    0 1
 144    0 0
 144    0 1
 145    0 0
 145    0 1
 146    0 0
 146    0 1
 147    0 0
 147    0 1
 148    0 0
 148    0 1
 149    0 0
 149    0 1
 150    0 0
 150    0 1
 151    0 0
 151    0 1
 152    0 0
 152    0 1
 153    0 0
 153    0 1
 154    0 0
 154    0 1
 155    0 0
 155    0 1
 156    0 0
 156    0 1
 157    0 0
 157    0 1
 158    0 0
 158    0 1
 159    0 0
 159    0 1
 160    0 0
 160    0 1
 161    0 0
 161    0 1
 162    0 0
 162    0 1
 163    0 0
 163    0 1
 164    0 0
 164    0 1
 165    0 0
 165    0 1
 166    0 0
 166    0 1
 167    0 0
 167    0 1
 168    0 0
 168    0 1
 169    0 0
 169    0 1
 170    0 0
 170    0 1
 171    0 0
 171    0 1
 172    0 0
 172    0 1
 173    0 0
 173    0 1
 174    0 0
 174    0 1
 175    0 0
 175    0 1
 176    0 0
 176    0 1
 177    0 0
 177    0 1
 178    0 0
 178    0 1
 179    0 0
 179    0 1
 180    0 0
 180    0 1
 181    0 0
 181    0 1
 182    0 0
 182    0 1
 183    0 0
 183    0 1
 184    0 0
 184    0 1
 185    0 0
 185    0 1
 186    0 0
 186    0 1
 187    0 0
 187    0 1
 188    0 0
 188    0 1
 189    0 0
 189    0 1
 190    0 0
 190    0 1
 191    0 0
 191    0 1
 192    0 0
 192    0 1
 193    0 0
 193    0 1
 194    0 0
 194    0 1
 195    0 0
 195    0 1
 196    0 0
 196    0 1
 197    0 0
 197    0 1
 198    0 0
 198    0 1
 199    0 0
 199    0 1
 200    0 0
 200    0 1
 201    0 0
 201    0 1
 202    0 0
 202    0 1
 203    0 0
 203    0 1
 204    0 0
 204    0 1
 205    0 0
 205    0 1
 206    0 0
 206    0 1
 207    0 0
 207    0 1
 208    0 0
 208    0 1
 209    0 0
 209    0 1
 210    0 0
 210    0 1
 211    0 0
 211    0 1
 212    0 0
 212    0 1
 213    0 0
 213    0 1
 214    0 0
 214    0 1
 215    0 0
 215    0 1
 216    0 0
 216    0 1
 217    0 0
 217    0 1
 218    0 0
 218    0 1
 219    0 0
 219    0 1
 224    0 0
 224    0 1
1822  483 1
1823  483 1
 227    0 0
 227    0 1
 231    0 0
 231    0 1
1029  567 1
1276  567 1
 234    0 0
 234    0 1
 237    0 0
 237    0 1
 495  661 1
 651  661 1
 241    0 0
 241    0 1
1813  860 1
1814  860 1
1815  860 1
 246    0 0
 246    0 1
2386  868 1
3753  868 1
 543  868 1
1832  868 1
2126  868 1
 253    0 0
 253    0 1
 256    0 0
 256    0 1
 259    0 0
 259    0 1
 263    0 0
 263    0 1
 266    0 0
 266    0 1
 269    0 0
 269    0 1
 272    0 0
 272    0 1
 275    0 0
 275    0 1
 278    0 0
 278    0 1
 281    0 0
 281    0 1
 284    0 0
 284    0 1
 287    0 0
 287    0 1
 290    0 0
 290    0 1
 294    0 0
 294    0 1
 297    0 0
 297    0 1
 485 2072 1
 301    0 0
 301    0 1
 485 2078 1
 305    0 0
 305    0 1
 485 2084 1
 309    0 0
 309    0 1
 485 2090 1
 313    0 0
 313    0 1
 316    0 0
 316    0 1
 319    0 0
 319    0 1
 322    0 0
 322    0 1
 325    0 0
 325    0 1
1027 2106 1
1275 2106 1
 328    0 0
 328    0 1
 901 2427 1
 331    0 0
 331    0 1
 900 2430 1
 334    0 0
 334    0 1
 903 2435 1
 337    0 0
 337    0 1
 902 2438 1
 340    0 0
 340    0 1
 905 2443 1
 343    0 0
 343    0 1
 904 2446 1
 346    0 0
 346    0 1
 999 2451 1
 349    0 0
 349    0 1
 998 2454 1
 352    0 0
 352    0 1
1351 2474 1
 355    0 0
 355    0 1
1395 2678 1
 398    0 0
 398    0 1
 400    0 0
 400    0 1
 401    0 0
 401    0 1
 408    0 1
 419    0 0
 419    0 1
 420    0 0
 420    0 1
 425    0 1
 456    0 0
 456    0 1
 457    0 0
 457    0 1
 458    0 0
 458    0 1
 486    0 1
 487    0 0
 487    0 1
 488    0 0
 488    0 1
 489    0 0
 489    0 1
 490    0 0
 490    0 1
 491    0 0
 491    0 1
 492    0 0
 492    0 1
 493    0 0
 493    0 1
 494    0 0
 494    0 1
 496    0 0
 496    0 1
1822  480 1
1823  480 1
 500    0 0
 500    0 1
1026  654 1
 503    0 0
 503    0 1
 506    0 0
 506    0 1
 509    0 0
 509    0 1
1455  772 1
1065  772 1
1452  772 1
1064  772 1
1464  772 1
1068  772 1
1461  772 1
1067  772 1
1458  772 1
1066  772 1
 521    0 0
 521    0 1
1456  795 1
1065  795 1
1453  795 1
1064  795 1
1465  795 1
1462  795 1
1067  795 1
1459  795 1
1066  795 1
1068  795 1
 533    0 0
 533    0 1
3478  865 1
2358  865 1
1969  865 0
 537    0 0
 537    0 1
1069  875 1
2125  875 1
1830  875 1
1831  875 1
2127  875 1
 543    0 0
 544    0 0
 544    0 1
1034 1251 1
 547    0 0
 547    0 1
1034 1254 1
 550    0 0
 550    0 1
1470 1261 1
1098 1261 1
1467 1261 1
1097 1261 1
1479 1261 1
1101 1261 1
1476 1261 1
1100 1261 1
1473 1261 1
1099 1261 1
 562    0 0
 562    0 1
1471 1284 1
1098 1284 1
1468 1284 1
1097 1284 1
1480 1284 1
1477 1284 1
1100 1284 1
1474 1284 1
1099 1284 1
1101 1284 1
 574    0 0
 574    0 1
3007 1344 1
3029 1344 1
 578    0 0
 578    0 1
3044 1351 1
3035 1351 1
 582    0 0
 582    0 1
1485 1394 1
1125 1394 1
1482 1394 1
1124 1394 1
1494 1394 1
1128 1394 1
1491 1394 1
1127 1394 1
1488 1394 1
1126 1394 1
 594    0 0
 594    0 1
1486 1418 1
1125 1418 1
1483 1418 1
1124 1418 1
1495 1418 1
1492 1418 1
1127 1418 1
1489 1418 1
1126 1418 1
1128 1418 1
 606    0 1
 607    0 1
 608    0 1
 609    0 1
 610    0 1
 611    0 1
 612    0 1
 613    0 0
 613    0 1
1533 1631 1
1169 1631 1
1530 1631 1
1168 1631 1
1542 1631 1
1172 1631 1
1539 1631 1
1171 1631 1
1536 1631 1
1170 1631 1
 625    0 0
 625    0 1
1534 1655 1
1169 1655 1
1531 1655 1
1168 1655 1
1543 1655 1
1540 1655 1
1171 1655 1
1537 1655 1
1170 1655 1
1172 1655 1
 637    0 0
 637    0 1
1910 1710 1
1913 1710 1
1912 1710 1
1911 1710 1
 643    0 0
 643    0 1
1916 1721 1
1915 1721 1
1914 1721 1
1918 1721 1
1917 1721 1
 650    0 1
 651    0 0
 651    0 1
1027 1955 1
1029 1955 1
 655    0 0
 655    0 1
3036 1959 1
3045 1959 1
 659    0 0
 659    0 1
3037 1964 1
3046 1964 1
 663    0 0
 663    0 1
3053 1969 1
3064 1969 1
 667    0 0
 667    0 1
3054 1974 1
3065 1974 1
 671    0 0
 671    0 1
3055 1979 1
3066 1979 1
 675    0 0
 675    0 1
3056 1984 1
3067 1984 1
 679    0 0
 679    0 1
3057 1989 1
3068 1989 1
 683    0 0
 683    0 1
3058 1994 1
3069 1994 1
 687    0 0
 687    0 1
3197 1999 1
3208 1999 1
3059 1999 1
3070 1999 1
 693    0 0
 693    0 1
1928 2001 1
1931 2001 1
1930 2001 1
1929 2001 1
 699    0 0
 699    0 1
1934 2012 1
1933 2012 1
1932 2012 1
1935 2012 1
 705    0 0
 705    0 1
3215 2070 1
3218 2070 1
3060 2070 1
3071 2070 1
 711    0 0
 711    0 1
3216 2076 1
3219 2076 1
 715    0 0
 715    0 1
3217 2082 1
3220 2082 1
 719    0 0
 719    0 1
3222 2088 1
3230 2088 1
 723    0 0
 723    0 1
3223 2094 1
3231 2094 1
 727    0 0
 727    0 1
1885 2099 1
2153 2099 1
 730    0 0
 730    0 1
1888 2103 1
2155 2103 1
 733    0 1
 734    0 1
 735    0 0
 735    0 1
1423 2461 1
 738    0 0
 738    0 1
1422 2464 1
 741    0 0
 741    0 1
1141 2471 1
 744    0 0
 744    0 1
1353 2479 1
 747    0 0
 747    0 1
1352 2482 1
 750    0 0
 750    0 1
1355 2487 1
 753    0 0
 753    0 1
1354 2490 1
 756    0 0
 756    0 1
1425 2495 1
 759    0 0
 759    0 1
1424 2498 1
 762    0 0
 762    0 1
1427 2505 1
 765    0 0
 765    0 1
1426 2508 1
 768    0 0
 768    0 1
1185 2675 1
 771    0 0
 771    0 1
1397 2683 1
 774    0 0
 774    0 1
1396 2686 1
 777    0 0
 777    0 1
1399 2691 1
 780    0 0
 780    0 1
1398 2694 1
 783    0 0
 783    0 1
1441 2699 1
 786    0 0
 786    0 1
1440 2702 1
 792    0 0
 792    0 1
 799    0 0
 799    0 1
 800    0 0
 800    0 1
3600  487 1
3790  487 1
 805    0 0
 805    0 1
 900    0 1
 901    0 1
 902    0 1
 903    0 1
 904    0 1
 905    0 1
 998    0 1
 999    0 1
1026    0 0
1026    0 1
1028    0 0
1028    0 1
1029    0 0
1029    0 1
1032    0 1
1033    0 1
1034    0 0
1034    0 1
1037    0 0
1037    0 1
2984  748 1
2985  748 1
2900  748 1
2901  748 1
1042    0 0
1042    0 1
1451  784 1
1453  784 1
1454  784 1
1456  784 1
1457  784 1
1459  784 1
1460  784 1
1462  784 1
1463  784 1
1465  784 1
1053    0 0
1053    0 1
1451  807 1
1452  807 1
1454  807 1
1455  807 1
1457  807 1
1458  807 1
1460  807 1
1461  807 1
1463  807 1
1464  807 1
1064    0 0
1065    0 0
1066    0 0
1067    0 0
1068    0 0
1069    0 0
1070    0 0
1070    0 1
3008  994 1
3009  994 1
2916  994 1
2917  994 1
1075    0 0
1075    0 1
1466 1273 1
1468 1273 1
1469 1273 1
1471 1273 1
1472 1273 1
1474 1273 1
1475 1273 1
1477 1273 1
1478 1273 1
1480 1273 1
1086    0 0
1086    0 1
1466 1296 1
1467 1296 1
1469 1296 1
1470 1296 1
1472 1296 1
1473 1296 1
1475 1296 1
1476 1296 1
1478 1296 1
1479 1296 1
1097    0 0
1098    0 0
1099    0 0
1100    0 0
1101    0 0
1102    0 0
1102    0 1
1481 1406 1
1483 1406 1
1484 1406 1
1486 1406 1
1487 1406 1
1489 1406 1
1490 1406 1
1492 1406 1
1493 1406 1
1495 1406 1
1113    0 0
1113    0 1
1481 1430 1
1482 1430 1
1484 1430 1
1485 1430 1
1487 1430 1
1488 1430 1
1490 1430 1
1491 1430 1
1493 1430 1
1494 1430 1
1124    0 0
1125    0 0
1126    0 0
1127    0 0
1128    0 0
1129    0 0
1129    0 1
1909 1477 1
1784 1477 1
1133    0 0
1133    0 1
1908 1486 1
1784 1486 1
1137    0 0
1137    0 1
1140    0 1
1141    0 1
1142    0 1
1143    0 1
1144    0 1
1145    0 1
1146    0 0
1146    0 1
1529 1643 1
1531 1643 1
1532 1643 1
1534 1643 1
1535 1643 1
1537 1643 1
1538 1643 1
1540 1643 1
1541 1643 1
1543 1643 1
1157    0 0
1157    0 1
1529 1667 1
1530 1667 1
1532 1667 1
1533 1667 1
1535 1667 1
1536 1667 1
1538 1667 1
1539 1667 1
1541 1667 1
1542 1667 1
1168    0 0
1169    0 0
1170    0 0
1171    0 0
1172    0 0
1173    0 0
1173    0 1
1544 1716 1
1546 1716 1
1545 1716 1
1547 1716 1
1178    0 0
1178    0 1
1548 1728 1
1549 1728 1
1550 1728 1
1551 1728 1
1552 1728 1
1184    0 1
1185    0 1
1186    0 1
1187    0 1
1188    0 1
1189    0 1
1190    0 0
1190    0 1
3140 1831 1
3137 1831 1
3453 1831 1
3450 1831 1
1195    0 0
1195    0 1
3160 1893 1
3157 1893 1
3459 1893 1
3456 1893 1
1200    0 0
1200    0 1
1564 2007 1
1566 2007 1
1565 2007 1
1567 2007 1
1205    0 0
1205    0 1
1568 2018 1
1569 2018 1
1570 2018 1
1571 2018 1
1210    0 1
1211    0 1
1212    0 1
1213    0 1
1214    0 1
1215    0 1
1216    0 0
1216    0 1
1939 2518 1
1219    0 0
1219    0 1
2407 2551 1
1222    0 0
1222    0 1
2408 2559 1
1225    0 0
1225    0 1
2409 2567 1
1228    0 0
1228    0 1
2410 2575 1
1231    0 0
1231    0 1
2411 2583 1
1234    0 0
1234    0 1
2412 2591 1
1237    0 0
1237    0 1
2413 2599 1
1240    0 0
1240    0 1
2414 2607 1
1243    0 0
1243    0 1
2415 2615 1
1246    0 0
1246    0 1
2416 2623 1
1249    0 1
1250    0 1
1251    0 0
1251    0 1
2428 2735 1
1254    0 0
1254    0 1
2429 2743 1
1257    0 0
1257    0 1
2430 2751 1
1260    0 0
1260    0 1
2431 2759 1
1263    0 0
1263    0 1
2432 2767 1
1266    0 0
1266    0 1
2433 2775 1
1269    0 0
1269    0 1
1277    0 0
1277    0 1
1302    0 1
1351    0 1
1352    0 1
1353    0 1
1354    0 1
1355    0 1
1395    0 1
1396    0 1
1397    0 1
1398    0 1
1399    0 1
1422    0 1
1423    0 1
1424    0 1
1425    0 1
1426    0 1
1427    0 1
1440    0 1
1441    0 1
1448    0 0
1448    0 1
1449    0 1
1450    0 1
1451    0 0
1452    0 0
1453    0 0
1454    0 0
1455    0 0
1456    0 0
1457    0 0
1458    0 0
1459    0 0
1460    0 0
1461    0 0
1462    0 0
1463    0 0
1464    0 0
1465    0 0
1466    0 0
1467    0 0
1468    0 0
1469    0 0
1470    0 0
1471    0 0
1472    0 0
1473    0 0
1474    0 0
1475    0 0
1476    0 0
1477    0 0
1478    0 0
1479    0 0
1480    0 0
1481    0 0
1482    0 0
1483    0 0
1484    0 0
1485    0 0
1486    0 0
1487    0 0
1488    0 0
1489    0 0
1490    0 0
1491    0 0
1492    0 0
1493    0 0
1494    0 0
1495    0 0
1496    0 0
1496    0 1
1785 1481 1
1908 1481 1
1499    0 0
1499    0 1
1909 1490 1
1785 1490 1
1502    0 0
1502    0 1
2158 1500 1
2032 1500 1
1506    0 0
1506    0 1
2157 1509 1
2032 1509 1
1510    0 0
1510    0 1
1513    0 0
1513    0 1
1784 1521 1
1516    0 0
1516    0 1
1785 1525 1
1519    0 1
1520    0 1
1521    0 1
1522    0 1
1523    0 1
1524    0 1
1525    0 1
1526    0 1
1527    0 1
1528    0 1
1529    0 0
1530    0 0
1531    0 0
1532    0 0
1533    0 0
1534    0 0
1535    0 0
1536    0 0
1537    0 0
1538    0 0
1539    0 0
1540    0 0
1541    0 0
1542    0 0
1543    0 0
1544    0 0
1545    0 0
1546    0 0
1547    0 0
1548    0 0
1549    0 0
1550    0 0
1551    0 0
1552    0 0
1553    0 0
1553    0 1
2178 1777 1
2042 1777 1
1557    0 0
1557    0 1
2177 1786 1
2042 1786 1
1561    0 0
1561    0 1
1564    0 0
1565    0 0
1566    0 0
1567    0 0
1568    0 0
1569    0 0
1570    0 0
1571    0 0
1572    0 1
1573    0 1
1574    0 1
1575    0 1
1576    0 1
1577    0 1
1578    0 0
1578    0 1
1809 2515 1
1581    0 1
1582    0 0
1582    0 1
1941 2525 1
1585    0 0
1585    0 1
1940 2528 1
1588    0 0
1588    0 1
2760 2730 1
1591    0 0
1591    0 1
1822  554 1
1823  554 1
3877  554 1
1596    0 0
1596    0 1
1813  838 1
1600    0 0
1600    0 1
1815  841 1
1830  841 1
1910  841 1
1606    0 0
1606    0 1
1814  846 1
1831  846 1
1911  846 1
1612    0 0
1612    0 1
1912  854 1
1615    0 0
1615    0 1
1913  857 1
1619    0 0
1619    0 1
1832 1327 1
1914 1327 1
1624    0 0
1624    0 1
1915 1329 1
1628    0 0
1628    0 1
1916 1331 1
1631    0 0
1631    0 1
1917 1333 1
1634    0 0
1634    0 1
1918 1335 1
1637    0 0
1637    0 1
1894 1461 1
1932 1461 1
1642    0 0
1642    0 1
1933 1464 1
1647    0 0
1647    0 1
1934 1467 1
1651    0 0
1651    0 1
1885 1470 1
2154 1470 1
1935 1470 1
1656    0 0
1656    0 1
1888 1473 1
2156 1473 1
1676    0 0
1676    0 1
2608 1698 1
2634 1698 1
1928 1698 1
1681    0 0
1681    0 1
2609 1701 1
2635 1701 1
1929 1701 1
1686    0 0
1686    0 1
1930 1704 1
1690    0 0
1690    0 1
1931 1707 1
1708    0 0
1708    0 1
2322 2634 1
1726    0 0
1726    0 1
1770    0 0
1770    0 1
2157 1504 1
2033 1504 1
1773    0 0
1773    0 1
2158 1513 1
2033 1513 1
1776    0 1
1777    0 1
1778    0 0
1778    0 1
2032 1529 1
1781    0 0
1781    0 1
2033 1533 1
1784    0 0
1785    0 0
1795    0 0
1795    0 1
2177 1781 1
2043 1781 1
1798    0 0
1798    0 1
2178 1790 1
2043 1790 1
1801    0 0
1801    0 1
2042 1806 1
1804    0 0
1804    0 1
2043 1810 1
1807    0 1
1808    0 1
1809    0 1
1810    0 1
1811    0 1
1813    0 0
1814    0 0
1815    0 0
1816    0 0
1816    0 1
1817    0 0
1817    0 1
1818    0 0
1818    0 1
1819    0 0
1819    0 1
1820    0 0
1820    0 1
1821    0 0
1821    0 1
1824    0 0
1824    0 1
2125  516 1
1827    0 0
1827    0 1
2120  852 1
1830    0 0
1831    0 0
1832    0 0
1833    0 0
1833    0 1
1836    0 0
1836    0 1
3409 1031 1
3428 1031 1
1841    0 0
1841    0 1
3480 1035 1
3500 1035 1
1848    0 0
1848    0 1
2127 1041 1
1852    0 0
1852    0 1
2126 1049 1
1856    0 0
1856    0 1
2789 1057 1
2611 1057 1
2809 1057 1
2631 1057 1
1863    0 0
1863    0 1
2790 1060 1
2612 1060 1
2810 1060 1
2632 1060 1
1870    0 0
1870    0 1
2791 1066 1
2811 1066 1
1875    0 0
1875    0 1
2792 1072 1
2812 1072 1
1880    0 0
1880    0 1
2607 1078 1
2633 1078 1
1885    0 0
1885    0 1
2153 1213 1
2154 1213 1
1888    0 0
1888    0 1
2155 1218 1
2156 1218 1
1891    0 0
1891    0 1
2610 1250 1
2636 1250 1
1894    0 0
1894    0 1
2113 1387 1
1897    0 0
1897    0 1
2113 1389 1
2250 1389 1
1908    0 0
1909    0 0
1910    0 0
1911    0 0
1912    0 0
1913    0 0
1914    0 0
1915    0 0
1916    0 0
1917    0 0
1918    0 0
1919    0 1
1928    0 0
1929    0 0
1930    0 0
1931    0 0
1932    0 0
1933    0 0
1934    0 0
1935    0 0
1936    0 0
1936    0 1
2579 2154 1
1939    0 1
1940    0 1
1941    0 1
1942    0 0
1942    0 1
2172 2631 1
1945    0 0
1945    0 1
2324 2639 1
1948    0 0
1948    0 1
2323 2642 1
1951    0 0
1951    0 1
2326 2647 1
1954    0 0
1954    0 1
2325 2650 1
1957    0 0
1957    0 1
2355 2655 1
1960    0 0
1960    0 1
2354 2658 1
1963    0 0
1963    0 1
2357 2665 1
1966    0 0
1966    0 1
2356 2668 1
1969    0 0
1969    0 1
1970    0 0
1970    0 1
1971    0 0
1971    0 1
2010    0 0
2010    0 1
2012    0 0
2012    0 1
2014    0 0
2014    0 1
2016    0 0
2016    0 1
2018    0 0
2018    0 1
2020    0 0
2020    0 1
2022    0 0
2022    0 1
2028    0 1
2029    0 1
2030    0 1
2031    0 1
2032    0 0
2033    0 0
2034    0 1
2040    0 1
2041    0 1
2042    0 0
2043    0 0
2046    0 0
2046    0 1
2528 2538 1
2049    0 0
2049    0 1
2747 2546 1
2052    0 0
2052    0 1
2302 2554 1
2055    0 0
2055    0 1
2304 2562 1
2058    0 0
2058    0 1
2306 2570 1
2061    0 0
2061    0 1
2308 2578 1
2064    0 0
2064    0 1
2310 2586 1
2067    0 0
2067    0 1
2312 2594 1
2070    0 0
2070    0 1
2314 2602 1
2073    0 0
2073    0 1
2316 2610 1
2076    0 0
2076    0 1
2318 2618 1
2079    0 0
2079    0 1
2320 2626 1
2095    0 0
2095    0 1
2329 2738 1
2098    0 0
2098    0 1
2331 2746 1
2101    0 0
2101    0 1
2333 2754 1
2104    0 0
2104    0 1
2335 2762 1
2107    0 0
2107    0 1
2337 2770 1
2110    0 0
2110    0 1
2339 2778 1
2113    0 0
2113    0 1
2119    0 1
2120    0 0
2120    0 1
2358  562 1
2386  562 1
2125    0 0
2126    0 0
2127    0 0
2128    0 0
2128    0 1
3479 1043 1
3499 1043 1
2135    0 0
2135    0 1
3498 1051 1
3517 1051 1
2141    0 0
2141    0 1
2144    0 0
2144    0 1
2147    0 0
2147    0 1
2150    0 0
2150    0 1
2153    0 0
2154    0 0
2155    0 0
2156    0 0
2157    0 0
2158    0 0
2171    0 1
2172    0 1
2173    0 1
2174    0 1
2175    0 1
2176    0 1
2177    0 0
2178    0 0
2185    0 0
2185    0 1
2504 2107 1
2188    0 0
2188    0 1
2503 2110 1
2191    0 0
2191    0 1
2719 2118 1
2194    0 0
2194    0 1
2720 2123 1
2197    0 0
2197    0 1
2453 2151 1
2200    0 1
2201    0 0
2201    0 1
2511 2161 1
2204    0 0
2204    0 1
2510 2164 1
2207    0 0
2207    0 1
2726 2172 1
2210    0 0
2210    0 1
3286 2235 1
2213    0 0
2213    0 1
3670 2262 1
2216    0 0
2216    0 1
3697 2350 1
2219    0 0
2219    0 1
2400 2535 1
2234    0 1
2235    0 1
2236    0 1
2237    0 1
2250    0 0
2250    0 1
2266    0 0
2266    0 1
2269    0 0
2269    0 1
2291    0 0
2291    0 1
2710 1228 1
2294    0 0
2294    0 1
2709 1235 1
2297    0 1
2298    0 1
2300    0 1
2301    0 1
2302    0 1
2303    0 1
2304    0 1
2305    0 1
2306    0 1
2307    0 1
2308    0 1
2309    0 1
2310    0 1
2311    0 1
2312    0 1
2313    0 1
2314    0 1
2315    0 1
2316    0 1
2317    0 1
2318    0 1
2319    0 1
2320    0 1
2321    0 1
2322    0 1
2323    0 1
2324    0 1
2325    0 1
2326    0 1
2327    0 1
2328    0 1
2329    0 1
2330    0 1
2331    0 1
2332    0 1
2333    0 1
2334    0 1
2335    0 1
2336    0 1
2337    0 1
2338    0 1
2339    0 1
2340    0 1
2354    0 1
2355    0 1
2356    0 1
2357    0 1
2358    0 0
2359    0 0
2359    0 1
2364    0 1
2365    0 1
2366    0 1
2367    0 1
2368    0 0
2368    0 1
3284  592 1
3193  592 1
2372    0 1
2373    0 1
2374    0 1
2375    0 1
2376    0 1
2377    0 0
2377    0 1
2607  743 1
2608  743 1
2609  743 1
2610  743 1
2382    0 0
2382    0 1
2612  749 1
2611  749 1
2386    0 0
2387    0 0
2387    0 1
2388    0 0
2388    0 1
2389    0 0
2389    0 1
2390    0 0
2390    0 1
2391    0 0
2391    0 1
2631  995 1
2632  995 1
2395    0 0
2395    0 1
2633 1006 1
2634 1006 1
2635 1006 1
2636 1006 1
2400    0 1
2403    0 1
2406    0 1
2407    0 1
2408    0 1
2409    0 1
2410    0 1
2411    0 1
2412    0 1
2413    0 1
2414    0 1
2415    0 1
2416    0 1
2417    0 0
2417    0 1
2939 1754 1
2839 1754 1
2421    0 0
2421    0 1
2938 1763 1
2839 1763 1
2425    0 0
2425    0 1
2428    0 1
2429    0 1
2430    0 1
2431    0 1
2432    0 1
2433    0 1
2434    0 0
2434    0 1
2618 2115 1
2437    0 0
2437    0 1
2619 2126 1
2440    0 0
2440    0 1
2772 2131 1
2443    0 0
2443    0 1
2771 2134 1
2446    0 0
2446    0 1
2774 2141 1
2449    0 0
2449    0 1
2773 2144 1
2452    0 1
2453    0 1
2454    0 0
2454    0 1
2629 2169 1
2457    0 0
2457    0 1
2776 2177 1
2460    0 0
2460    0 1
2775 2180 1
2463    0 0
2463    0 1
2778 2187 1
2466    0 0
2466    0 1
2777 2190 1
2469    0 0
2469    0 1
2963 2207 1
2472    0 0
2472    0 1
3669 2254 1
2475    0 0
2475    0 1
3695 2334 1
2478    0 0
2478    0 1
3696 2342 1
2481    0 0
2481    0 1
3720 2422 1
2484    0 0
2484    0 1
2664 2543 1
2487    0 0
2487    0 1
2782 2709 1
2490    0 0
2490    0 1
2781 2712 1
2493    0 0
2493    0 1
2694 2727 1
2496    0 0
2496    0 1
2503    0 1
2504    0 1
2510    0 1
2511    0 1
2521    0 0
2521    0 1
2528    0 1
2531    0 0
2531    0 1
2784 1243 0
2710 1243 1
2534    0 0
2534    0 1
2783 1245 0
2709 1245 1
2537    0 0
2537    0 1
2540    0 0
2540    0 1
2579    0 1
2603    0 0
2603    0 1
2607    0 1
2608    0 1
2609    0 1
2610    0 1
2611    0 0
2612    0 0
2613    0 0
2613    0 1
3282  571 1
3191  571 1
2617    0 1
2618    0 1
2619    0 1
2620    0 1
2621    0 0
2621    0 1
3283  596 1
3194  596 1
2624    0 0
2624    0 1
3283  601 1
3193  601 1
2628    0 1
2629    0 1
2630    0 1
2631    0 0
2632    0 0
2633    0 1
2634    0 1
2635    0 1
2636    0 1
2638    0 0
2638    0 1
2791  753 1
2792  753 1
2789  753 1
2790  753 1
2643    0 0
2643    0 1
2644    0 0
2644    0 1
2645    0 1
2646    0 0
2646    0 1
2811  999 1
2812  999 1
2809  999 1
2810  999 1
2655    0 1
2656    0 1
2659    0 0
2659    0 1
2663    0 1
2664    0 1
2665    0 1
2666    0 1
2667    0 1
2668    0 1
2669    0 1
2670    0 1
2671    0 1
2672    0 1
2673    0 1
2674    0 1
2675    0 1
2676    0 1
2677    0 1
2678    0 1
2679    0 1
2680    0 1
2681    0 0
2681    0 1
2840 1758 1
2938 1758 1
2684    0 0
2684    0 1
2939 1767 1
2840 1767 1
2687    0 0
2687    0 1
2839 1798 1
2690    0 0
2690    0 1
2840 1802 1
2693    0 1
2694    0 1
2695    0 1
2696    0 1
2697    0 1
2698    0 1
2699    0 1
2700    0 1
2701    0 1
2702    0 1
2703    0 0
2703    0 1
2881 2210 1
2706    0 1
2707    0 1
2708    0 1
2709    0 0
2710    0 0
2719    0 1
2720    0 1
2726    0 1
2729    0 0
2729    0 1
2894  742 1
2895  742 1
2896  742 1
2897  742 1
2738    0 0
2738    0 1
2918 1005 1
2919 1005 1
2920 1005 1
2921 1005 1
2743    0 1
2747    0 1
2748    0 1
2749    0 1
2750    0 1
2751    0 1
2760    0 1
2761    0 0
2761    0 1
3149 1845 1
3146 1845 1
3143 1845 1
3152 1845 1
2766    0 0
2766    0 1
3169 1907 1
3166 1907 1
3163 1907 1
3172 1907 1
2771    0 1
2772    0 1
2773    0 1
2774    0 1
2775    0 1
2776    0 1
2777    0 1
2778    0 1
2781    0 1
2782    0 1
2783    0 1
2784    0 1
2789    0 0
2790    0 0
2791    0 1
2792    0 1
2793    0 0
2793    0 1
3192  575 1
3281  575 1
2796    0 0
2796    0 1
3281  580 1
3191  580 1
2800    0 0
2800    0 1
2803    0 0
2803    0 1
3284  605 1
3194  605 1
2806    0 0
2806    0 1
2809    0 0
2810    0 0
2811    0 1
2812    0 1
2817    0 0
2817    0 1
2820    0 0
2820    0 1
3007 1355 1
3035 1355 1
3037 1355 1
3036 1355 1
2826    0 0
2826    0 1
3876 1553 1
2829    0 1
2830    0 1
2831    0 0
2831    0 1
3029 1601 1
3044 1601 1
3046 1601 1
3045 1601 1
2837    0 1
2838    0 1
2839    0 0
2840    0 0
2841    0 0
2841    0 1
3826 1830 1
2844    0 0
2844    0 1
3054 1836 1
3053 1836 1
3056 1836 1
3055 1836 1
2854    0 0
2854    0 1
3059 1850 1
3058 1850 1
3057 1850 1
3060 1850 1
2859    0 0
2859    0 1
3065 1898 1
3064 1898 1
3067 1898 1
3066 1898 1
2869    0 0
2869    0 1
3070 1912 1
3069 1912 1
3068 1912 1
3071 1912 1
2874    0 0
2874    0 1
3176 2197 1
2877    0 0
2877    0 1
3175 2200 1
2880    0 1
2881    0 1
2882    0 0
2882    0 1
3178 2217 1
2885    0 0
2885    0 1
3177 2220 1
2888    0 0
2888    0 1
3410 2722 1
2891    0 0
2891    0 1
2898    0 1
2899    0 1
2914    0 1
2915    0 1
2925    0 0
2925    0 1
2931    0 0
2931    0 1
2938    0 0
2939    0 0
2963    0 1
2970    0 0
2970    0 1
2971    0 0
2971    0 1
2972    0 0
2972    0 1
3296  493 1
2975    0 0
2975    0 1
3295  499 1
2978    0 0
2978    0 1
3293  505 1
2981    0 0
2981    0 1
3291  511 1
2986    0 0
2986    0 1
3301  534 1
2989    0 0
2989    0 1
3299  540 1
2992    0 0
2992    0 1
3282  584 1
3192  584 1
2995    0 0
2995    0 1
3191  613 1
2998    0 0
2998    0 1
3192  617 1
3001    0 0
3001    0 1
3193  621 1
3004    0 0
3004    0 1
3194  625 1
3007    0 0
3010    0 0
3010    0 1
3314  708 1
3013    0 0
3013    0 1
3312  714 1
3016    0 0
3016    0 1
3309  720 1
3019    0 0
3019    0 1
3308  726 1
3022    0 0
3022    0 1
3306  732 1
3025    0 0
3025    0 1
3304  738 1
3028    0 1
3029    0 0
3030    0 0
3030    0 1
3197 1361 1
3215 1361 1
3216 1361 1
3217 1361 1
3035    0 0
3036    0 0
3037    0 0
3038    0 0
3038    0 1
3039    0 0
3039    0 1
3208 1607 1
3218 1607 1
3219 1607 1
3220 1607 1
3044    0 0
3045    0 0
3046    0 0
3047    0 1
3048    0 1
3049    0 1
3050    0 0
3050    0 1
3222 1842 1
3223 1842 1
3053    0 0
3054    0 0
3055    0 1
3056    0 1
3057    0 1
3058    0 1
3059    0 1
3060    0 1
3061    0 0
3061    0 1
3230 1904 1
3231 1904 1
3064    0 0
3065    0 0
3066    0 1
3067    0 1
3068    0 1
3069    0 1
3070    0 1
3071    0 1
3072    0 1
3073    0 1
3074    0 1
3075    0 1
3076    0 0
3076    0 1
3195 2238 1
3079    0 0
3079    0 1
3088    0 0
3088    0 1
3559  522 1
3091    0 0
3091    0 1
3558  528 1
3110    0 0
3110    0 1
3570  696 1
3113    0 0
3113    0 1
3569  702 1
3137    0 0
3137    0 1
3301 1881 1
3140    0 0
3140    0 1
3299 1883 1
3143    0 0
3143    0 1
3296 1885 1
3146    0 0
3146    0 1
3295 1887 1
3149    0 0
3149    0 1
3293 1889 1
3152    0 0
3152    0 1
3291 1891 1
3157    0 0
3157    0 1
3314 1943 1
3160    0 0
3160    0 1
3312 1945 1
3163    0 0
3163    0 1
3309 1947 1
3166    0 0
3166    0 1
3308 1949 1
3169    0 0
3169    0 1
3306 1951 1
3172    0 0
3172    0 1
3304 1953 1
3175    0 1
3176    0 1
3177    0 1
3178    0 1
3180    0 0
3180    0 1
3289 2719 1
3187    0 1
3188    0 1
3189    0 1
3190    0 1
3191    0 0
3192    0 0
3193    0 0
3194    0 0
3195    0 1
3196    0 1
3197    0 0
3208    0 0
3215    0 0
3216    0 0
3217    0 0
3218    0 0
3219    0 0
3220    0 0
3222    0 0
3223    0 0
3230    0 0
3231    0 0
3238    0 0
3238    0 1
3667 2230 1
3241    0 0
3241    0 1
3668 2246 1
3244    0 0
3244    0 1
3552 2270 1
3247    0 0
3247    0 1
3553 2278 1
3250    0 0
3250    0 1
3554 2286 1
3253    0 0
3253    0 1
3555 2294 1
3256    0 0
3256    0 1
3556 2302 1
3259    0 0
3259    0 1
3557 2310 1
3262    0 0
3262    0 1
3563 2358 1
3265    0 0
3265    0 1
3564 2366 1
3268    0 0
3268    0 1
3565 2374 1
3271    0 0
3271    0 1
3566 2382 1
3274    0 0
3274    0 1
3567 2390 1
3277    0 0
3277    0 1
3568 2398 1
3281    0 0
3282    0 0
3283    0 0
3284    0 0
3286    0 1
3288    0 1
3289    0 1
3291    0 0
3293    0 1
3295    0 1
3296    0 1
3299    0 0
3301    0 1
3302    0 1
3304    0 0
3306    0 1
3308    0 1
3309    0 1
3312    0 0
3314    0 1
3315    0 0
3315    0 1
3480 1378 1
3318    0 0
3318    0 1
3479 1380 1
3321    0 0
3321    0 1
3498 1382 1
3324    0 0
3324    0 1
3500 1624 1
3327    0 0
3327    0 1
3499 1626 1
3330    0 0
3330    0 1
3517 1628 1
3333    0 1
3334    0 1
3335    0 1
3336    0 1
3337    0 1
3340    0 0
3340    0 1
3483 2267 1
3344    0 0
3344    0 1
3485 2275 1
3348    0 0
3348    0 1
3487 2283 1
3352    0 0
3352    0 1
3489 2291 1
3356    0 0
3356    0 1
3491 2299 1
3360    0 0
3360    0 1
3493 2307 1
3364    0 0
3364    0 1
3728 2318 1
3367    0 0
3367    0 1
3729 2326 1
3370    0 0
3370    0 1
3502 2355 1
3374    0 0
3374    0 1
3504 2363 1
3378    0 0
3378    0 1
3506 2371 1
3382    0 0
3382    0 1
3508 2379 1
3386    0 0
3386    0 1
3510 2387 1
3390    0 0
3390    0 1
3512 2395 1
3394    0 0
3394    0 1
3741 2406 1
3397    0 0
3397    0 1
3742 2414 1
3400    0 1
3401    0 1
3402    0 1
3403    0 1
3404    0 1
3405    0 1
3406    0 1
3409    0 1
3410    0 1
3412    0 1
3414    0 1
3416    0 1
3418    0 1
3420    0 1
3422    0 1
3428    0 1
3430    0 1
3432    0 1
3434    0 1
3436    0 1
3438    0 1
3440    0 1
3450    0 0
3450    0 1
3559 1877 1
3453    0 0
3453    0 1
3558 1879 1
3456    0 0
3456    0 1
3570 1939 1
3459    0 0
3459    0 1
3569 1941 1
3478    0 0
3479    0 0
3480    0 1
3482    0 1
3483    0 1
3484    0 1
3485    0 1
3486    0 1
3487    0 1
3488    0 1
3489    0 1
3490    0 1
3491    0 1
3492    0 1
3493    0 1
3494    0 1
3496    0 1
3498    0 1
3499    0 0
3500    0 1
3501    0 1
3502    0 1
3503    0 1
3504    0 1
3505    0 1
3506    0 1
3507    0 1
3508    0 1
3509    0 1
3510    0 1
3511    0 1
3512    0 1
3513    0 1
3515    0 1
3517    0 1
3522    0 0
3522    0 1
3593 2227 1
3525    0 0
3525    0 1
3595 2243 1
3528    0 0
3528    0 1
3597 2251 1
3531    0 0
3531    0 1
3598 2259 1
3534    0 0
3534    0 1
3630 2331 1
3537    0 0
3537    0 1
3632 2339 1
3540    0 0
3540    0 1
3633 2347 1
3543    0 0
3543    0 1
3662 2419 1
3546    0 0
3546    0 1
3551    0 1
3552    0 1
3553    0 1
3554    0 1
3555    0 1
3556    0 1
3557    0 1
3558    0 1
3559    0 1
3563    0 1
3564    0 1
3565    0 1
3566    0 1
3567    0 1
3568    0 1
3569    0 1
3570    0 1
3576    0 0
3576    0 1
3692 2315 1
3579    0 0
3579    0 1
3694 2323 1
3585    0 0
3585    0 1
3717 2403 1
3588    0 0
3588    0 1
3719 2411 1
3592    0 1
3593    0 1
3594    0 1
3595    0 1
3596    0 1
3597    0 1
3598    0 1
3599    0 1
3600    0 0
3600    0 1
3603    0 0
3603    0 1
3732  901 1
3733  901 1
3734  901 1
3731  901 1
3608    0 0
3608    0 1
3733  910 1
3734  910 1
3731  910 1
3612    0 0
3612    0 1
3731  918 1
3734  918 1
3615    0 1
3616    0 0
3616    0 1
3806  930 1
3735  930 1
3736  930 1
3807  930 1
3808  930 1
3622    0 0
3622    0 1
3736  940 1
3807  940 1
3808  940 1
3806  940 1
3629    0 1
3630    0 1
3631    0 1
3632    0 1
3633    0 1
3634    0 1
3635    0 0
3635    0 1
3745 1119 1
3746 1119 1
3747 1119 1
3744 1119 1
3640    0 0
3640    0 1
3746 1128 1
3747 1128 1
3744 1128 1
3644    0 0
3644    0 1
3744 1136 1
3747 1136 1
3647    0 1
3648    0 0
3648    0 1
3813 1148 1
3748 1148 1
3749 1148 1
3814 1148 1
3815 1148 1
3654    0 0
3654    0 1
3749 1158 1
3814 1158 1
3815 1158 1
3813 1158 1
3661    0 1
3662    0 1
3667    0 1
3668    0 1
3669    0 1
3670    0 1
3671    0 0
3671    0 1
3691    0 1
3692    0 1
3693    0 1
3694    0 1
3695    0 1
3696    0 1
3697    0 1
3716    0 1
3717    0 1
3718    0 1
3719    0 1
3720    0 1
3722    0 1
3723    0 0
3723    0 1
3778  666 1
3779  666 1
3726    0 1
3727    0 1
3728    0 1
3729    0 1
3730    0 1
3732    0 0
3733    0 0
3734    0 0
3735    0 0
3736    0 0
3737    0 0
3737    0 1
3793 1100 1
3794 1100 1
3740    0 1
3741    0 1
3742    0 1
3743    0 1
3745    0 0
3746    0 0
3747    0 0
3748    0 0
3749    0 0
3750    0 1
3753    0 0
3754    0 0
3754    0 1
3807  949 1
3808  949 1
3806  949 1
3758    0 0
3758    0 1
3806  957 1
3808  957 1
3761    0 1
3762    0 0
3762    0 1
3838  973 1
3767    0 0
3767    0 1
3814 1167 1
3815 1167 1
3813 1167 1
3771    0 0
3771    0 1
3813 1175 1
3815 1175 1
3774    0 1
3775    0 0
3775    0 1
3839 1190 1
3778    0 0
3779    0 0
3780    0 0
3780    0 1
3790    0 0
3790    0 1
3793    0 0
3794    0 0
3802    0 1
3803    0 0
3803    0 1
3804    0 0
3804    0 1
3805    0 1
3806    0 1
3807    0 0
3808    0 0
3809    0 0
3809    0 1
3811    0 1
3812    0 1
3813    0 1
3814    0 0
3815    0 0
3816    0 0
3817    0 0
3818    0 1
3819    0 1
3820    0 0
3821    0 0
3822    0 1
3823    0 0
3823    0 1
3835  984 1
3826    0 1
3827    0 0
3827    0 1
3837 1201 1
3834    0 1
3835    0 0
3836    0 1
3837    0 0
3838    0 0
3839    0 0
3840    0 0
3840    0 1
3852  991 1
3858  991 1
3843    0 0
3843    0 1
3852 1208 1
3857 1208 1
3851    0 0
3851    0 1
3852    0 0
3852    0 1
3857 1221 1
3858 1221 1
3857    0 0
3858    0 0
3859    0 0
3859    0 1
3869 1240 1
3864    0 0
3864    0 1
3869 1247 1
3870 1247 0
3869    0 0
3870    0 0
3870    0 1
3876  473 1
3875    0 0
3875    0 1
3876    0 1
3877    0 0
3877    0 1
3881    0 0
3881    0 1
3882    0 0
3882    0 1
