   1    0 0
   1    0 1
1409    1 0
1667    1 1
1670    1 1
 913    1 1
 914    1 1
1197    1 0
1219    1 0
  13    0 0
  13    0 1
 793   13 1
1667   13 1
1670   13 1
 913   13 1
  20    0 0
  20    0 1
 793   20 1
1117   20 0
 890   20 1
 891   20 1
 892   20 1
 914   20 1
  33    0 0
  33    0 1
 829   33 1
 896   33 0
 914   33 1
  41    0 0
  41    0 1
 829   41 1
 835   41 0
  45    0 0
  45    0 1
 835   45 0
1337   45 1
  50    0 0
  50    0 1
1792   50 1
1870   50 0
2068   50 1
  58    0 0
  58    0 1
2148   58 1
1875   58 0
2073   58 1
  68    0 0
  68    0 1
1880   68 0
2078   68 1
  77    0 0
  77    0 1
1791   77 1
1589   77 1
1798   77 1
2022   77 1
1885   77 0
2083   77 1
  87    0 0
  87    0 1
1714   87 1
1735   87 1
2024   87 1
1890   87 0
2088   87 1
  97    0 0
  97    0 1
2026   97 1
1895   97 0
2093   97 1
 107    0 0
 107    0 1
1797  107 1
2028  107 1
1900  107 0
2098  107 1
 116    0 0
 116    0 1
1799  116 1
1600  116 1
2030  116 1
1905  116 0
2103  116 1
 124    0 1
 125    0 0
 125    0 1
3214  125 1
3215  125 1
 128    0 0
 128    0 1
3213  128 1
3222  128 1
3223  128 1
 132    0 0
 132    0 1
3212  132 1
3221  132 1
3230  132 1
3231  132 1
 137    0 0
 137    0 1
3211  137 1
3220  137 1
3229  137 1
3238  137 1
3239  137 1
 143    0 0
 143    0 1
3210  143 1
3219  143 1
3228  143 1
3237  143 1
3246  143 1
3247  143 1
 150    0 0
 150    0 1
1788  150 1
3209  150 1
3218  150 1
3227  150 1
3236  150 1
3245  150 1
3254  150 1
3255  150 1
 159    0 0
 159    0 1
1790  159 1
3208  159 1
3217  159 1
3226  159 1
3235  159 1
3244  159 1
3253  159 1
3262  159 1
3263  159 1
 169    0 0
 169    0 1
1179  169 0
3407  169 1
3645  169 1
3423  169 1
3431  169 1
3439  169 1
3664  169 1
3455  169 1
3463  169 1
 179    0 0
 179    0 1
 892  179 1
3410  179 1
3648  179 1
3426  179 1
3434  179 1
3442  179 1
3667  179 1
3458  179 1
3466  179 1
 190    0 0
 190    0 1
3413  190 1
3651  190 1
3429  190 1
3437  190 1
3445  190 1
3670  190 1
3461  190 1
3469  190 1
 200    0 0
 200    0 1
1803  200 1
 890  200 1
 891  200 1
3414  200 1
3652  200 1
3430  200 1
3438  200 1
3446  200 1
3671  200 1
3462  200 1
3470  200 1
 213    0 0
 213    0 1
1909  213 1
1912  213 1
1913  213 1
1917  213 1
1922  213 1
1926  213 1
5215  213 1
 222    0 1
 223    0 0
 223    0 1
2023  223 1
1644  223 1
 226    0 0
 226    0 1
1251  226 1
2025  226 1
1645  226 1
2417  226 1
 232    0 0
 232    0 1
1252  232 1
2027  232 1
1646  232 1
2420  232 1
 238    0 0
 238    0 1
1253  238 1
2029  238 1
1647  238 1
2425  238 1
 244    0 0
 244    0 1
1254  244 1
2031  244 1
1648  244 1
2430  244 1
 250    0 0
 250    0 1
1255  250 1
1067  250 1
2033  250 1
1649  250 1
2435  250 1
 257    0 0
 257    0 1
1256  257 1
 768  257 0
2035  257 1
1650  257 1
2438  257 1
 264    0 0
 264    0 1
1257  264 1
 768  264 0
2037  264 1
2443  264 1
 270    0 0
 270    0 1
1258  270 1
2448  270 1
 274    0 0
 274    0 1
2418  274 1
2421  274 1
2426  274 1
2431  274 1
2436  274 1
2439  274 1
2444  274 1
2449  274 1
 283    0 0
 283    0 1
1801  283 1
3271  283 1
3286  283 1
3293  283 1
3300  283 1
3307  283 1
3314  283 1
3321  283 1
3328  283 1
2032  283 1
 294    0 0
 294    0 1
3279  294 1
3294  294 1
3301  294 1
3308  294 1
3315  294 1
3322  294 1
3329  294 1
2034  294 1
 303    0 0
 303    0 1
3287  303 1
3302  303 1
3309  303 1
3316  303 1
3323  303 1
3330  303 1
2036  303 1
 311    0 0
 311    0 1
3295  311 1
3310  311 1
3317  311 1
3324  311 1
3331  311 1
 317    0 0
 317    0 1
3303  317 1
3318  317 1
3325  317 1
3332  317 1
 322    0 0
 322    0 1
3311  322 1
3326  322 1
3333  322 1
 326    0 0
 326    0 1
3319  326 1
3334  326 1
 329    0 1
 330    0 0
 330    0 1
4772  330 1
4549  330 1
4435  330 1
4387  330 1
4186  330 1
4390  330 1
4493  330 1
4242  330 1
4608  330 1
4331  330 1
4545  330 1
 343    0 0
 343    0 1
1913  343 1
1917  343 1
1922  343 1
1926  343 1
 349    0 0
 350    0 0
 350    0 1
2307 2897 1
2310 2897 1
 655    0 0
 655    0 1
1251  432 1
1520  432 1
3216  432 1
3225  432 1
3234  432 1
3243  432 1
3252  432 1
3261  432 1
3270  432 1
 665    0 0
 665    0 1
2148  442 1
2398  442 1
2898  442 1
 670    0 0
 670    0 1
1252  447 1
3224  447 1
3233  447 1
3242  447 1
3251  447 1
3260  447 1
3269  447 1
3272  447 1
 679    0 0
 679    0 1
1263  456 1
2899  456 1
 683    0 0
 683    0 1
1267  460 1
1729  460 1
 686    0 0
 686    0 1
1263  463 1
2900  463 1
 690    0 0
 690    0 1
1253  467 1
3232  467 1
3241  467 1
3250  467 1
3259  467 1
3268  467 1
3273  467 1
3280  467 1
 699    0 0
 699    0 1
1267  476 1
2348  476 1
 702    0 0
 702    0 1
1505  479 1
2901  479 1
 706    0 0
 706    0 1
1254  483 1
3240  483 1
3249  483 1
3258  483 1
3267  483 1
3274  483 1
3281  483 1
3288  483 1
 715    0 0
 715    0 1
1255  492 1
3248  492 1
3257  492 1
3266  492 1
3275  492 1
3282  492 1
3289  492 1
3296  492 1
 724    0 0
 724    0 1
2347  501 1
 727    0 0
 727    0 1
1256  504 1
3256  504 1
3265  504 1
3276  504 1
3283  504 1
3290  504 1
3297  504 1
3304  504 1
 736    0 0
 736    0 1
1264  513 1
2351  513 1
 740    0 0
 740    0 1
1257  517 1
3264  517 1
3277  517 1
3284  517 1
3291  517 1
3298  517 1
3305  517 1
3312  517 1
 749    0 0
 749    0 1
1264  526 1
2355  526 1
 753    0 0
 753    0 1
1258  530 1
2349  530 1
3278  530 1
3285  530 1
3292  530 1
3299  530 1
3306  530 1
3313  530 1
3320  530 1
 763    0 0
 763    0 1
1722  540 1
1725  540 1
2353  540 1
 768    0 1
 769    0 0
 769    0 1
1322  704 1
1452  704 1
 772    0 0
 772    0 1
1756  707 1
1325  707 1
1328  707 1
1331  707 1
1761  707 1
1821  707 1
 779    0 0
 779    0 1
1315  714 1
1306  714 1
 782    0 0
 782    0 1
1337  717 1
1452  717 1
 786    0 0
 786    0 1
1325  724 1
1328  724 1
1331  724 1
1761  724 1
1824  724 1
1833  724 1
 794    0 0
 794    0 1
1824  732 1
1337  732 1
1452  732 1
 798    0 0
 798    0 1
1756  736 1
1325  736 1
1328  736 1
1761  736 1
 803    0 0
 803    0 1
1580  741 1
1583  741 1
1585  741 1
1588  741 1
1591  741 1
1594  741 1
1596  741 1
1599  741 1
 820    0 0
 821    0 0
 821    0 1
1818  776 1
1738  776 1
 825    0 0
 825    0 1
1747  780 1
 829    0 0
 829    0 1
 832    0 0
 832    0 1
1315  791 1
 835    0 1
 836    0 0
 836    0 1
1315  799 1
1322  799 1
 839    0 0
 839    0 1
 842    0 0
 842    0 1
1250  826 1
1338  826 1
 845    0 0
 845    0 1
1787  828 1
1794  828 1
 848    0 0
 848    0 1
1250  831 1
1338  831 1
 851    0 0
 851    0 1
1789  833 1
1796  833 1
 854    0 0
 854    0 1
1250  836 1
1338  836 1
1586  836 1
 858    0 0
 858    0 1
1793  839 1
1800  839 1
 861    0 0
 861    0 1
1340  842 1
1343  842 1
 864    0 0
 864    0 1
1795  845 1
1802  845 1
 867    0 0
 867    0 1
1340  848 1
1343  848 1
 870    0 0
 870    0 1
1340  851 1
1343  851 1
1597  851 1
 874    0 0
 874    0 1
1562  890 1
 877    0 0
 877    0 1
 880    0 0
 880    0 1
 883    0 0
 883    0 1
1353 1032 0
1358 1032 0
 886    0 0
 886    0 1
1353 1035 0
1358 1035 0
 889    0 1
 890    0 1
 891    0 1
 892    0 0
 892    0 1
 895    0 0
 896    0 0
 896    0 1
1850 1699 1
1852 1699 1
1854 1699 1
1856 1699 1
1858 1699 1
1860 1699 1
1862 1699 1
1864 1699 1
 913    0 1
 914    0 1
 915    0 0
 916    0 0
 917    0 0
 917    0 1
3383 2478 1
 920    0 0
 920    0 1
1461 2865 0
1464 2865 0
 923    0 0
 923    0 1
1461 2868 0
1464 2868 0
 926    0 0
 926    0 1
1510 2931 1
 929    0 0
 929    0 1
1509 2934 1
 932    0 0
 932    0 1
1512 2939 1
 935    0 0
 935    0 1
1511 2942 1
 938    0 0
 938    0 1
1692 2947 1
 941    0 0
 941    0 1
1691 2950 1
 944    0 0
 944    0 1
1694 2957 1
 947    0 0
 947    0 1
1693 2960 1
 950    0 0
 950    0 1
2133 3007 1
 953    0 0
 953    0 1
1960 3079 1
 956    0 0
 956    0 1
1981 3087 1
 959    0 0
 959    0 1
1961 3095 1
 962    0 0
 962    0 1
1982 3103 1
 965    0 0
 965    0 1
4515 3419 1
1067    0 1
1117    0 0
1117    0 1
1580  759 1
1583  759 1
1585  759 1
1588  759 1
1591  759 1
1594  759 1
1596  759 1
1599  759 1
1179    0 1
1196    0 0
1197    0 0
1197    0 1
2068 1829 1
2073 1829 1
2078 1829 1
2083 1829 1
1202    0 0
1202    0 1
1869 1834 1
1874 1834 1
1879 1834 1
1884 1834 1
1889 1834 1
1894 1834 1
1899 1834 1
1904 1834 1
1219    0 0
1219    0 1
2088 2052 1
2093 2052 1
2098 2052 1
2103 2052 1
1250    0 1
1251    0 1
1252    0 1
1253    0 1
1254    0 1
1255    0 1
1256    0 1
1257    0 1
1258    0 1
1259    0 1
1260    0 1
1261    0 1
1262    0 1
1263    0 1
1264    0 0
1264    0 1
1714  626 1
1735  626 1
1267    0 1
1268    0 0
1268    0 1
1729  636 1
1271    0 1
1272    0 1
1273    0 0
1273    0 1
2350  657 1
1276    0 0
1276    0 1
1966  675 1
1279    0 0
1279    0 1
1756  721 1
1821  721 1
1298    0 0
1298    0 1
1815  784 1
1824  784 1
1833  784 1
1302    0 0
1302    0 1
1761  794 1
1815  794 1
1818  794 1
1306    0 0
1306    0 1
2418  807 1
2421  807 1
2426  807 1
2431  807 1
1315    0 0
1315    0 1
2439  816 1
2444  816 1
2449  816 1
1322    0 0
1322    0 1
2436  823 1
1325    0 0
1325    0 1
1738  860 1
1747  860 1
1328    0 0
1328    0 1
2181  861 1
1331    0 0
1331    0 1
2184  864 1
1334    0 0
1334    0 1
2482  893 1
1337    0 1
1338    0 1
1339    0 1
1340    0 0
1340    0 1
1722  905 1
1725  905 1
1343    0 1
1344    0 1
1345    0 1
1346    0 1
1347    0 1
1348    0 1
1349    0 1
1350    0 1
1351    0 1
1352    0 1
1353    0 0
1353    0 1
2191 1038 1
2194 1038 1
2203 1038 1
2206 1038 1
1358    0 0
1358    0 1
2185 1043 1
2188 1043 1
2197 1043 1
2200 1043 1
1363    0 0
1363    0 1
1803 1054 1
1806 1054 1
1366    0 0
1366    0 1
1809 1057 1
1812 1057 1
1369    0 0
1369    0 1
3540 1512 1
3542 1512 1
3544 1512 1
3546 1512 1
3548 1512 1
3550 1512 1
3552 1512 1
1384    0 0
1384    0 1
1850 1681 1
1852 1681 1
1854 1681 1
1856 1681 1
1858 1681 1
1860 1681 1
1862 1681 1
1864 1681 1
1401    0 1
1402    0 1
1403    0 1
1404    0 1
1405    0 1
1406    0 1
1407    0 1
1408    0 1
1409    0 0
1409    0 1
1870 1773 0
1869 1773 1
1875 1773 0
1874 1773 1
1880 1773 0
1879 1773 1
1885 1773 0
1884 1773 1
1890 1773 0
1889 1773 1
1895 1773 0
1894 1773 1
1900 1773 0
1899 1773 1
1905 1773 0
1904 1773 1
1426    0 1
1427    0 1
1452    0 0
1452    0 1
1909 2278 1
1912 2278 1
1913 2278 1
1917 2278 1
1922 2278 1
1926 2278 1
1459    0 1
1460    0 1
1461    0 0
1461    0 1
5128 2871 1
5114 2871 1
1464    0 0
1464    0 1
5136 2874 1
1467    0 1
1468    0 1
1469    0 1
1470    0 1
1471    0 0
1471    0 1
1940 3010 1
1474    0 1
1475    0 0
1475    0 1
2135 3017 1
1478    0 0
1478    0 1
2134 3020 1
1481    0 0
1481    0 1
2137 3027 1
1484    0 0
1484    0 1
2136 3030 1
1487    0 0
1487    0 1
2139 3037 1
1490    0 0
1490    0 1
2138 3040 1
1493    0 0
1493    0 1
1727 3082 1
1496    0 0
1496    0 1
1764 3090 1
1499    0 0
1499    0 1
1730 3098 1
1502    0 0
1502    0 1
1766 3106 1
1507    0 1
1508    0 1
1509    0 1
1510    0 1
1511    0 1
1512    0 1
1520    0 0
1520    0 1
1966  650 1
2376  650 1
2758  650 1
1562    0 0
1562    0 1
2730  956 1
2732  956 1
2734  956 1
2736  956 1
2738  956 1
2740  956 1
2742  956 1
2744  956 1
1579    0 1
1580    0 1
1581    0 0
1582    0 1
1583    0 1
1584    0 1
1585    0 1
1586    0 0
1587    0 1
1588    0 1
1589    0 0
1590    0 1
1591    0 1
1592    0 0
1593    0 1
1594    0 1
1595    0 1
1596    0 1
1597    0 0
1598    0 1
1599    0 1
1600    0 0
1643    0 0
1644    0 0
1645    0 0
1646    0 0
1647    0 0
1648    0 0
1649    0 0
1650    0 0
1667    0 0
1667    0 1
1670    0 0
1670    0 1
1673    0 1
1674    0 1
1675    0 1
1676    0 1
1677    0 1
1678    0 1
1679    0 1
1680    0 1
1691    0 1
1692    0 1
1693    0 1
1694    0 1
1713    0 0
1713    0 1
1715    0 0
1715    0 1
1718    0 0
1718    0 1
1721    0 1
1722    0 0
1722    0 1
2148  630 1
2761  630 1
1725    0 1
1726    0 1
1727    0 1
1728    0 1
1729    0 0
1730    0 1
1731    0 1
1735    0 1
1736    0 1
1737    0 1
1738    0 0
1738    0 1
2144  804 1
2150  804 1
2154  804 1
2157  804 1
1747    0 0
1747    0 1
2144  806 1
2150  806 1
2154  806 1
2157  806 1
1756    0 0
1756    0 1
2181  855 1
2184  855 1
1761    0 0
1761    0 1
1764    0 1
1765    0 1
1766    0 1
1767    0 1
1768    0 1
1769    0 1
1770    0 1
1787    0 0
1788    0 0
1789    0 0
1790    0 0
1791    0 0
1792    0 0
1793    0 0
1794    0 0
1795    0 0
1796    0 0
1797    0 0
1798    0 0
1799    0 0
1800    0 0
1801    0 0
1802    0 0
1803    0 0
1803    0 1
2200 1060 1
2206 1060 1
1806    0 0
1806    0 1
2197 1063 1
2203 1063 1
1809    0 0
1809    0 1
2188 1066 1
2194 1066 1
1812    0 0
1812    0 1
2185 1069 1
2191 1069 1
1815    0 0
1815    0 1
2211 1527 1
1818    0 0
1818    0 1
2211 1530 1
1821    0 0
1821    0 1
1824    0 0
1824    0 1
2641 1563 1
2643 1563 1
2645 1563 1
2647 1563 1
1833    0 0
1833    0 1
2633 1572 1
2635 1572 1
2637 1572 1
2639 1572 1
1842    0 1
1843    0 1
1844    0 1
1845    0 1
1846    0 1
1847    0 1
1848    0 1
1849    0 1
1850    0 1
1851    0 1
1852    0 1
1853    0 1
1854    0 1
1855    0 1
1856    0 1
1857    0 1
1858    0 1
1859    0 1
1860    0 1
1861    0 1
1862    0 1
1863    0 1
1864    0 1
1869    0 1
1870    0 0
1870    0 1
2648 1856 0
2652 1856 0
1873    0 1
1874    0 1
1875    0 0
1875    0 1
3415 1906 0
3419 1906 0
1878    0 1
1879    0 1
1880    0 0
1880    0 1
2662 1957 0
2666 1957 0
1883    0 1
1884    0 1
1885    0 0
1885    0 1
2673 2007 0
2677 2007 0
1888    0 1
1889    0 1
1890    0 0
1890    0 1
2684 2062 0
2688 2062 0
1893    0 1
1894    0 1
1895    0 0
1895    0 1
3447 2114 0
3451 2114 0
1898    0 1
1899    0 1
1900    0 0
1900    0 1
2702 2167 0
2706 2167 0
1903    0 1
1904    0 1
1905    0 0
1905    0 1
2715 2219 0
2719 2219 0
1908    0 1
1909    0 0
1909    0 1
3172 2285 1
3682 2285 1
1912    0 1
1913    0 0
1913    0 1
3175 2289 1
3178 2289 1
3181 2289 1
1917    0 0
1917    0 1
3809 2293 1
3812 2293 1
3916 2293 1
1922    0 0
1922    0 1
3690 2298 1
3184 2298 1
3187 2298 1
1926    0 0
1926    0 1
3815 2302 1
3818 2302 1
4091 2302 1
1930    0 0
1930    0 1
2307 2877 1
2310 2877 1
1933    0 0
1933    0 1
2342 2983 1
1936    0 0
1936    0 1
2341 2986 1
1939    0 1
1940    0 1
1941    0 1
1942    0 1
1943    0 1
1944    0 1
1945    0 1
1946    0 1
1947    0 0
1947    0 1
1960    0 1
1961    0 1
1966    0 0
1981    0 1
1982    0 1
1983    0 0
1983    0 1
2745  920 0
2746  920 0
1986    0 1
1987    0 1
1988    0 1
1989    0 1
1990    0 1
1991    0 1
2022    0 0
2023    0 0
2024    0 0
2025    0 0
2026    0 0
2027    0 0
2028    0 0
2029    0 0
2030    0 0
2031    0 0
2032    0 0
2033    0 0
2034    0 0
2035    0 0
2036    0 0
2037    0 0
2038    0 0
2038    0 1
2437 1794 1
2440 1794 1
2445 1794 1
2450 1794 1
2043    0 0
2043    0 1
2435 1799 1
2436 1799 1
2438 1799 1
2439 1799 1
2443 1799 1
2444 1799 1
2448 1799 1
2449 1799 1
2052    0 0
2052    0 1
2419 1812 1
2422 1812 1
2427 1812 1
2432 1812 1
2057    0 0
2057    0 1
2417 1817 1
2418 1817 1
2420 1817 1
2421 1817 1
2425 1817 1
2426 1817 1
2430 1817 1
2431 1817 1
2068    0 0
2068    0 1
2648 1859 0
2652 1859 0
2073    0 0
2073    0 1
3415 1909 0
3419 1909 0
2078    0 0
2078    0 1
2662 1960 0
2666 1960 0
2083    0 0
2083    0 1
2673 2010 0
2677 2010 0
2088    0 0
2088    0 1
2684 2065 0
2688 2065 0
2093    0 0
2093    0 1
3447 2117 0
3451 2117 0
2098    0 0
2098    0 1
2702 2170 0
2706 2170 0
2103    0 0
2103    0 1
2715 2222 0
2719 2222 0
2121    0 1
2122    0 1
2123    0 1
2124    0 1
2125    0 1
2126    0 1
2127    0 1
2128    0 1
2133    0 1
2134    0 1
2135    0 1
2136    0 1
2137    0 1
2138    0 1
2139    0 1
2141    0 1
2142    0 1
2143    0 1
2144    0 1
2145    0 0
2146    0 1
2147    0 1
2148    0 1
2149    0 1
2150    0 1
2151    0 0
2152    0 1
2153    0 1
2154    0 1
2155    0 1
2156    0 1
2157    0 1
2158    0 0
2158    0 1
2730  870 1
2732  870 1
2734  870 1
2736  870 1
2738  870 1
2740  870 1
2742  870 1
2744  870 1
2175    0 0
2175    0 1
2482  887 1
2180    0 1
2181    0 1
2183    0 1
2184    0 1
2185    0 0
2185    0 1
2188    0 0
2188    0 1
2191    0 0
2191    0 1
2194    0 0
2194    0 1
2197    0 0
2197    0 1
2200    0 0
2200    0 1
2203    0 0
2203    0 1
2206    0 0
2206    0 1
2209    0 1
2210    0 1
2211    0 1
2212    0 0
2212    0 1
2633 1545 1
2635 1545 1
2637 1545 1
2639 1545 1
2221    0 0
2221    0 1
2641 1554 1
2643 1554 1
2645 1554 1
2647 1554 1
2230    0 1
2231    0 1
2232    0 1
2233    0 1
2234    0 1
2235    0 1
2236    0 1
2237    0 1
2238    0 1
2239    0 1
2240    0 1
2241    0 1
2242    0 1
2243    0 1
2244    0 1
2245    0 1
2270    0 0
2270    0 1
2648 1853 0
2652 1853 0
2277    0 0
2277    0 1
2662 1954 0
2666 1954 0
2282    0 0
2282    0 1
2673 2004 0
2677 2004 0
2287    0 0
2287    0 1
2684 2059 0
2688 2059 0
2294    0 0
2294    0 1
2702 2164 0
2706 2164 0
2299    0 0
2299    0 1
2715 2216 0
2719 2216 0
2304    0 0
2304    0 1
4056 2485 1
2307    0 0
2307    0 1
5277 2900 1
5286 2900 1
2310    0 0
2310    0 1
5285 2903 1
5278 2903 1
2313    0 0
2313    0 1
2749 2967 1
2316    0 0
2316    0 1
2748 2970 1
2319    0 0
2319    0 1
2751 2975 1
2322    0 0
2322    0 1
2750 2978 1
2325    0 0
2325    0 1
2755 3047 1
2328    0 0
2328    0 1
2754 3050 1
2331    0 0
2331    0 1
2757 3055 1
2334    0 0
2334    0 1
2756 3058 1
2341    0 1
2342    0 1
2347    0 0
2348    0 0
2349    0 1
2350    0 0
2351    0 0
2352    0 0
2353    0 0
2354    0 0
2355    0 0
2374    0 1
2375    0 1
2376    0 0
2376    0 1
2745  917 0
2746  917 0
2379    0 0
2379    0 1
2745  923 0
2746  923 0
2398    0 0
2417    0 0
2418    0 0
2419    0 0
2420    0 0
2421    0 0
2422    0 0
2425    0 0
2426    0 0
2427    0 0
2430    0 0
2431    0 0
2432    0 0
2435    0 0
2436    0 0
2437    0 0
2438    0 0
2439    0 0
2440    0 0
2443    0 0
2444    0 0
2445    0 0
2448    0 0
2449    0 0
2450    0 0
2467    0 1
2468    0 1
2469    0 1
2470    0 1
2471    0 0
2471    0 1
2980  576 1
2474    0 1
2475    0 1
2476    0 1
2477    0 1
2478    0 1
2481    0 1
2482    0 1
2483    0 0
2483    0 1
4964  947 0
4965  947 0
2486    0 0
2487    0 0
2488    0 0
2488    0 1
2497    0 0
2497    0 1
2506    0 0
2506    0 1
2515    0 0
2515    0 1
2524    0 0
2524    0 1
2533    0 0
2533    0 1
2542    0 0
2542    0 1
2551    0 0
2551    0 1
2560    0 0
2560    0 1
2569    0 0
2569    0 1
2578    0 0
2578    0 1
2587    0 0
2587    0 1
2596    0 0
2596    0 1
2605    0 0
2605    0 1
2614    0 0
2614    0 1
2623    0 0
2623    0 1
2632    0 1
2633    0 1
2634    0 1
2635    0 1
2636    0 1
2637    0 1
2638    0 1
2639    0 1
2640    0 1
2641    0 1
2642    0 1
2643    0 1
2644    0 1
2645    0 1
2646    0 1
2647    0 1
2648    0 0
2648    0 1
3407 1862 1
3410 1862 1
3172 1862 1
2652    0 0
2652    0 1
3413 1866 1
3414 1866 1
2656    0 0
2656    0 1
2659    0 0
2659    0 1
2662    0 0
2662    0 1
3423 1963 1
3426 1963 1
3175 1963 1
2666    0 0
2666    0 1
3429 1967 1
3430 1967 1
2670    0 0
2670    0 1
2673    0 0
2673    0 1
3431 2013 1
3434 2013 1
3178 2013 1
2677    0 0
2677    0 1
3437 2017 1
3438 2017 1
2681    0 0
2681    0 1
2684    0 0
2684    0 1
3439 2068 1
3442 2068 1
3181 2068 1
2688    0 0
2688    0 1
3445 2072 1
3446 2072 1
2692    0 0
2692    0 1
3194 2080 1
2697    0 0
2697    0 1
3194 2132 1
2702    0 0
2702    0 1
3455 2173 1
3458 2173 1
3184 2173 1
2706    0 0
2706    0 1
3461 2177 1
3462 2177 1
2710    0 0
2710    0 1
3194 2185 1
2715    0 0
2715    0 1
3463 2225 1
3466 2225 1
3187 2225 1
2719    0 0
2719    0 1
3469 2229 1
3470 2229 1
2723    0 0
2723    0 1
3194 2237 1
2728    0 1
2729    0 1
2730    0 1
2731    0 1
2732    0 1
2733    0 1
2734    0 1
2735    0 1
2736    0 1
2737    0 1
2738    0 1
2739    0 1
2740    0 1
2741    0 1
2742    0 1
2743    0 1
2744    0 1
2745    0 1
2748    0 1
2749    0 1
2750    0 1
2751    0 1
2754    0 1
2755    0 1
2756    0 1
2757    0 1
2758    0 0
2758    0 1
4587  929 0
4588  929 0
2761    0 0
2761    0 1
4587  938 0
4588  938 0
2764    0 0
2764    0 1
4964  944 0
4965  944 0
2768    0 1
2769    0 1
2898    0 0
2899    0 0
2900    0 0
2901    0 0
2962    0 1
2967    0 0
2967    0 1
2970    0 0
2970    0 1
2973    0 0
2973    0 1
3389  591 1
2977    0 0
2977    0 1
3388  597 1
2980    0 0
2984    0 1
2985    0 1
2986    0 1
2987    0 1
2988    0 1
2989    0 1
2990    0 1
2991    0 1
2992    0 1
2993    0 1
2994    0 1
2995    0 1
2996    0 1
2997    0 1
2998    0 1
2999    0 1
3000    0 1
3001    0 1
3002    0 1
3003    0 1
3004    0 1
3005    0 1
3006    0 1
3007    0 1
3008    0 1
3009    0 1
3010    0 1
3011    0 1
3012    0 1
3013    0 1
3014    0 1
3015    0 1
3016    0 1
3017    0 1
3018    0 1
3019    0 1
3020    0 1
3021    0 1
3022    0 1
3023    0 1
3024    0 1
3025    0 1
3026    0 1
3027    0 1
3028    0 1
3029    0 1
3030    0 1
3031    0 1
3032    0 1
3033    0 1
3034    0 1
3035    0 1
3036    0 1
3037    0 1
3038    0 1
3039    0 1
3040    0 1
3041    0 1
3042    0 1
3043    0 1
3044    0 1
3045    0 1
3046    0 1
3047    0 1
3048    0 1
3049    0 1
3050    0 1
3051    0 1
3052    0 1
3053    0 1
3054    0 1
3055    0 1
3056    0 1
3057    0 1
3058    0 1
3059    0 1
3060    0 1
3061    0 1
3062    0 1
3063    0 1
3064    0 1
3065    0 1
3066    0 1
3067    0 1
3068    0 1
3069    0 1
3070    0 1
3071    0 1
3072    0 1
3073    0 1
3074    0 1
3075    0 1
3076    0 1
3077    0 1
3078    0 1
3079    0 1
3080    0 1
3081    0 1
3082    0 1
3083    0 1
3084    0 1
3085    0 1
3086    0 1
3087    0 1
3088    0 1
3089    0 1
3090    0 1
3091    0 1
3092    0 1
3093    0 1
3094    0 1
3095    0 1
3096    0 1
3097    0 1
3098    0 1
3099    0 1
3100    0 1
3101    0 1
3102    0 1
3103    0 1
3104    0 1
3105    0 1
3106    0 1
3107    0 1
3108    0 1
3109    0 1
3110    0 1
3111    0 1
3112    0 0
3112    0 1
3407 1877 1
3414 1877 1
3115    0 0
3115    0 1
3410 1880 1
3413 1880 1
3118    0 0
3119    0 0
3119    0 1
3415 1903 0
3419 1903 0
3122    0 0
3122    0 1
3645 1927 1
3652 1927 1
3125    0 0
3125    0 1
3648 1930 1
3651 1930 1
3128    0 0
3128    0 1
3423 1978 1
3430 1978 1
3131    0 0
3131    0 1
3426 1981 1
3429 1981 1
3134    0 0
3135    0 0
3135    0 1
3431 2028 1
3438 2028 1
3138    0 0
3138    0 1
3434 2031 1
3437 2031 1
3141    0 0
3142    0 0
3142    0 1
3439 2085 1
3446 2085 1
3145    0 0
3145    0 1
3442 2088 1
3445 2088 1
3148    0 0
3149    0 0
3149    0 1
3447 2111 0
3451 2111 0
3152    0 0
3152    0 1
3664 2137 1
3671 2137 1
3155    0 0
3155    0 1
3667 2140 1
3670 2140 1
3158    0 0
3158    0 1
3455 2190 1
3462 2190 1
3161    0 0
3161    0 1
3458 2193 1
3461 2193 1
3164    0 0
3165    0 0
3165    0 1
3463 2242 1
3470 2242 1
3168    0 0
3168    0 1
3466 2245 1
3469 2245 1
3171    0 0
3172    0 0
3172    0 1
3175    0 0
3175    0 1
3178    0 0
3178    0 1
3181    0 0
3181    0 1
3184    0 0
3184    0 1
3187    0 0
3187    0 1
3190    0 1
3191    0 1
3192    0 1
3193    0 1
3194    0 0
3195    0 0
3195    0 1
3196    0 1
3206    0 1
3207    0 0
3208    0 0
3209    0 0
3210    0 0
3211    0 0
3212    0 0
3213    0 0
3214    0 0
3215    0 0
3216    0 0
3217    0 0
3218    0 0
3219    0 0
3220    0 0
3221    0 0
3222    0 0
3223    0 0
3224    0 0
3225    0 0
3226    0 0
3227    0 0
3228    0 0
3229    0 0
3230    0 0
3231    0 0
3232    0 0
3233    0 0
3234    0 0
3235    0 0
3236    0 0
3237    0 0
3238    0 0
3239    0 0
3240    0 0
3241    0 0
3242    0 0
3243    0 0
3244    0 0
3245    0 0
3246    0 0
3247    0 0
3248    0 0
3249    0 0
3250    0 0
3251    0 0
3252    0 0
3253    0 0
3254    0 0
3255    0 0
3256    0 0
3257    0 0
3258    0 0
3259    0 0
3260    0 0
3261    0 0
3262    0 0
3263    0 0
3264    0 0
3265    0 0
3266    0 0
3267    0 0
3268    0 0
3269    0 0
3270    0 0
3271    0 0
3272    0 0
3273    0 0
3274    0 0
3275    0 0
3276    0 0
3277    0 0
3278    0 0
3279    0 0
3280    0 0
3281    0 0
3282    0 0
3283    0 0
3284    0 0
3285    0 0
3286    0 0
3287    0 0
3288    0 0
3289    0 0
3290    0 0
3291    0 0
3292    0 0
3293    0 0
3294    0 0
3295    0 0
3296    0 0
3297    0 0
3298    0 0
3299    0 0
3300    0 0
3301    0 0
3302    0 0
3303    0 0
3304    0 0
3305    0 0
3306    0 0
3307    0 0
3308    0 0
3309    0 0
3310    0 0
3311    0 0
3312    0 0
3313    0 0
3314    0 0
3315    0 0
3316    0 0
3317    0 0
3318    0 0
3319    0 0
3320    0 0
3321    0 0
3322    0 0
3323    0 0
3324    0 0
3325    0 0
3326    0 0
3327    0 0
3328    0 0
3329    0 0
3330    0 0
3331    0 0
3332    0 0
3333    0 0
3334    0 0
3383    0 0
3384    0 0
3384    0 1
3387    0 0
3388    0 0
3389    0 0
3390    0 1
3391    0 1
3392    0 1
3393    0 1
3394    0 1
3395    0 1
3396    0 1
3397    0 1
3398    0 1
3399    0 1
3400    0 1
3401    0 1
3402    0 1
3403    0 1
3404    0 1
3405    0 1
3406    0 0
3407    0 0
3407    0 1
3643 1883 0
3644 1883 0
3410    0 0
3410    0 1
3643 1886 0
3644 1886 0
3413    0 0
3414    0 0
3415    0 0
3415    0 1
3645 1912 1
3648 1912 1
3682 1912 1
3419    0 0
3419    0 1
3651 1916 1
3652 1916 1
3423    0 0
3423    0 1
3654 1984 0
3657 1984 0
3426    0 0
3426    0 1
3654 1987 0
3657 1987 0
3429    0 0
3430    0 0
3431    0 0
3431    0 1
3658 2034 0
3661 2034 0
3434    0 0
3434    0 1
3658 2037 0
3661 2037 0
3437    0 0
3438    0 0
3439    0 0
3439    0 1
3662 2091 0
3663 2091 0
3442    0 0
3442    0 1
3662 2094 0
3663 2094 0
3445    0 0
3446    0 0
3447    0 0
3447    0 1
3664 2120 1
3667 2120 1
3690 2120 1
3451    0 0
3451    0 1
3670 2124 1
3671 2124 1
3455    0 0
3455    0 1
3673 2196 0
3676 2196 0
3458    0 0
3458    0 1
3673 2199 0
3676 2199 0
3461    0 0
3462    0 0
3463    0 0
3463    0 1
3677 2248 0
3680 2248 0
3466    0 0
3466    0 1
3677 2251 0
3680 2251 0
3469    0 0
3470    0 0
3471    0 1
3472    0 0
3472    0 1
3706 2991 1
3475    0 0
3475    0 1
3705 2994 1
3478    0 0
3478    0 1
3708 2999 1
3481    0 0
3481    0 1
3707 3002 1
3484    0 0
3484    0 1
3835 3063 1
3487    0 0
3487    0 1
3834 3071 1
3490    0 0
3490    0 1
4098 3124 1
3493    0 0
3493    0 1
4075 3134 1
3496    0 0
3496    0 1
4085 3158 1
3499    0 0
3499    0 1
4076 3166 1
3502    0 0
3502    0 1
4086 3174 1
3505    0 0
3505    0 1
4077 3182 1
3508    0 0
3508    0 1
4101 3190 1
3511    0 0
3511    0 1
4078 3200 1
3514    0 0
3514    0 1
4090 3224 1
3517    0 0
3517    0 1
4079 3232 1
3520    0 0
3520    0 1
4088 3240 1
3523    0 0
3523    0 1
4080 3248 1
3534    0 1
3535    0 1
3536    0 1
3537    0 0
3538    0 0
3539    0 0
3540    0 0
3541    0 0
3542    0 0
3543    0 0
3544    0 0
3545    0 0
3546    0 0
3547    0 0
3548    0 0
3549    0 0
3550    0 0
3551    0 0
3552    0 0
3557    0 1
3568    0 1
3573    0 1
3578    0 1
3589    0 1
3594    0 1
3605    0 0
3626    0 1
3627    0 1
3628    0 1
3629    0 1
3630    0 1
3631    0 1
3632    0 0
3633    0 0
3634    0 1
3635    0 1
3636    0 1
3637    0 1
3638    0 1
3639    0 1
3640    0 1
3641    0 1
3642    0 0
3644    0 1
3645    0 0
3645    0 1
3786 1933 0
3789 1933 0
3648    0 0
3648    0 1
3786 1936 0
3789 1936 0
3651    0 0
3652    0 0
3653    0 0
3654    0 0
3654    0 1
3930 1993 1
3809 1993 1
3657    0 1
3658    0 0
3658    0 1
3931 2043 1
3812 2043 1
3661    0 1
3663    0 1
3664    0 0
3664    0 1
3800 2143 0
3803 2143 0
3667    0 0
3667    0 1
3800 2146 0
3803 2146 0
3670    0 0
3671    0 0
3672    0 0
3673    0 0
3673    0 1
3935 2205 1
3815 2205 1
3676    0 1
3677    0 0
3677    0 1
3936 2257 1
3818 2257 1
3680    0 1
3681    0 1
3682    0 0
3682    0 1
3685    0 1
3686    0 1
3687    0 1
3688    0 1
3689    0 1
3690    0 0
3690    0 1
3693    0 1
3694    0 1
3695    0 1
3696    0 1
3697    0 0
3697    0 1
3777 3066 1
3700    0 0
3700    0 1
3775 3074 1
3703    0 1
3704    0 1
3705    0 1
3706    0 1
3707    0 1
3708    0 1
3711    0 1
3712    0 1
3713    0 0
3714    0 0
3715    0 0
3716    0 0
3717    0 0
3718    0 0
3719    0 0
3720    0 0
3721    0 0
3721    0 1
3926 1895 1
3894 1895 1
3930 1895 1
3931 1895 1
3731    0 1
3734    0 0
3734    0 1
3926 1998 1
3931 1998 1
3740    0 0
3740    0 1
3926 2048 1
3743    0 0
3743    0 1
3932 2103 1
3895 2103 1
3935 2103 1
3936 2103 1
3753    0 1
3756    0 0
3756    0 1
3932 2210 1
3936 2210 1
3762    0 0
3762    0 1
3932 2262 1
3765    0 1
3766    0 1
3773    0 1
3774    0 1
3775    0 1
3776    0 1
3777    0 1
3778    0 1
3779    0 0
3780    0 0
3786    0 0
3786    0 1
3894 1942 1
3912 1942 1
3789    0 1
3800    0 0
3800    0 1
3895 2152 1
3916 2152 1
3803    0 1
3809    0 0
3809    0 1
4446 2445 1
3812    0 0
3812    0 1
4421 2448 0
3815    0 0
3815    0 1
4327 2455 1
4287 2455 0
3818    0 0
3818    0 1
3821    0 0
3821    0 1
4154 3142 1
3824    0 0
3824    0 1
4147 3150 1
3827    0 0
3827    0 1
4161 3208 1
3830    0 0
3830    0 1
4151 3216 1
3833    0 0
3833    0 1
3834    0 1
3835    0 1
3838    0 0
3838    0 1
3926 1947 1
3930 1947 1
3931 1947 1
3845    0 0
3845    0 1
3932 2157 1
3935 2157 1
3936 2157 1
3850    0 0
3850    0 1
3855    0 0
3855    0 1
3858    0 0
3858    0 1
3861    0 0
3861    0 1
3865    0 0
3865    0 1
3868    0 0
3868    0 1
3894    0 1
3895    0 1
3898    0 1
3899    0 1
3906    0 1
3911    0 1
3913    0 0
3913    0 1
4447 2451 1
4325 2451 1
3917    0 0
3917    0 1
4238 2461 1
4328 2461 1
3920    0 1
3921    0 0
3921    0 1
4393 3323 1
3924    0 1
3925    0 1
3926    0 0
3926    0 1
4028 2265 1
4073 2265 1
3930    0 1
3931    0 1
3932    0 0
3932    0 1
4028 2309 1
4056 2309 1
3935    0 1
3936    0 1
3937    0 0
3937    0 1
3940    0 0
3940    0 1
3947    0 1
3948    0 1
3950    0 0
3950    0 1
4058 3121 1
3953    0 0
3953    0 1
4029 3131 1
3956    0 0
3956    0 1
4044 3155 1
3959    0 0
3959    0 1
4030 3163 1
3962    0 0
3962    0 1
4047 3171 1
3965    0 0
3965    0 1
4031 3179 1
3968    0 0
3968    0 1
4066 3187 1
3971    0 0
3971    0 1
4032 3197 1
3974    0 0
3974    0 1
4055 3221 1
3977    0 0
3977    0 1
4033 3229 1
3980    0 0
3980    0 1
4052 3237 1
3983    0 0
3983    0 1
4034 3245 1
3987    0 0
3987    0 1
3992    0 0
3992    0 1
4310 2275 0
3996    0 0
3996    0 1
4073 2315 1
4091 2315 1
4013    0 1
4028    0 0
4028    0 1
4029    0 1
4030    0 1
4031    0 1
4032    0 1
4033    0 1
4034    0 1
4035    0 0
4035    0 1
4283 2268 1
4284 2268 1
4042    0 1
4043    0 1
4044    0 1
4045    0 1
4046    0 1
4047    0 1
4048    0 1
4049    0 1
4050    0 1
4051    0 1
4052    0 1
4053    0 1
4054    0 1
4055    0 1
4056    0 0
4057    0 1
4058    0 1
4059    0 0
4059    0 1
4114 3139 1
4062    0 0
4062    0 1
4106 3147 1
4065    0 1
4066    0 1
4067    0 0
4067    0 1
4127 3205 1
4070    0 0
4070    0 1
4110 3213 1
4073    0 1
4074    0 1
4075    0 1
4076    0 1
4077    0 1
4078    0 1
4079    0 1
4080    0 1
4085    0 1
4086    0 1
4088    0 1
4090    0 1
4091    0 0
4091    0 1
4094    0 0
4094    0 1
4186 2491 1
4331 2491 1
4098    0 1
4101    0 1
4106    0 1
4110    0 1
4113    0 1
4114    0 1
4115    0 1
4116    0 0
4116    0 1
4119    0 0
4119    0 1
4122    0 1
4123    0 0
4123    0 1
4242 2396 1
4126    0 1
4127    0 1
4128    0 0
4128    0 1
4318 2433 1
4319 2433 1
4238 2433 1
4328 2433 1
4139    0 0
4139    0 1
4705 3272 1
4142    0 0
4142    0 1
4555 3308 1
4145    0 0
4145    0 1
4146    0 1
4147    0 1
4148    0 1
4149    0 1
4150    0 1
4151    0 1
4152    0 1
4153    0 1
4154    0 1
4161    0 1
4167    0 0
4167    0 1
4283 2467 1
4322 2467 1
4448 2467 1
4326 2467 1
4174    0 0
4174    0 1
4284 2495 1
4443 2495 1
4316 2495 1
4317 2495 1
4182    0 0
4182    0 1
4528 3295 1
4186    0 0
4186    0 1
4675 3374 1
4189    0 0
4191    0 0
4192    0 0
4193    0 0
4195    0 0
4196    0 0
4197    0 0
4197    0 1
4200    0 0
4200    0 1
4447 2406 1
4448 2406 1
4203    0 0
4203    0 1
4443 2409 1
4316 2409 1
4325 2409 1
4326 2409 1
4209    0 0
4209    0 1
4317 2415 1
4322 2415 1
4213    0 0
4213    0 1
4443 2419 1
4316 2419 1
4448 2419 1
4326 2419 1
4218    0 0
4218    0 1
4318 2426 1
4327 2426 1
4328 2426 1
4223    0 0
4223    0 1
4318 2439 1
4319 2439 1
4371 2439 1
4371 2439 1
4238    0 0
4239    0 1
4241    0 1
4242    0 0
4242    0 1
4247    0 0
4247    0 1
4329 3326 1
4251    0 1
4252    0 1
4253    0 1
4254    0 1
4255    0 1
4256    0 1
4257    0 1
4258    0 1
4283    0 0
4284    0 0
4284    0 1
4608 2505 1
4287    0 0
4287    0 1
4497 2519 1
4291    0 1
4295    0 1
4296    0 0
4296    0 1
4442 2645 0
4468 2645 0
4299    0 1
4303    0 0
4304    0 0
4305    0 0
4305    0 1
4443 2401 1
4446 2401 1
4447 2401 1
4448 2401 1
4310    0 0
4310    0 1
4563 2501 1
4316    0 1
4317    0 1
4318    0 1
4319    0 0
4319    0 1
4545 2514 1
4493 2514 1
4322    0 0
4325    0 1
4326    0 1
4327    0 1
4328    0 1
4329    0 1
4330    0 1
4331    0 0
4331    0 1
4442 2643 0
4468 2643 0
4335    0 0
4335    0 1
5080 2687 0
5085 2687 0
4338    0 0
4338    0 1
5058 2725 0
5061 2725 0
4341    0 0
4341    0 1
4876 2742 0
4880 2742 0
4344    0 0
4344    0 1
4988 2760 0
4991 2760 0
4347    0 0
4347    0 1
4996 2794 0
4999 2794 0
4350    0 0
4350    0 1
4727 2811 0
4730 2811 0
4353    0 0
4353    0 1
4572 3280 1
4356    0 0
4356    0 1
4552 3290 1
4359    0 0
4359    0 1
4487 3298 1
4362    0 0
4362    0 1
4573 3316 1
4365    0 0
4365    0 1
4678 3406 1
4368    0 0
4368    0 1
4679 3414 1
4371    0 0
4371    0 1
4463 3422 1
4376    0 1
4377    0 1
4387    0 0
4387    0 1
4390    0 0
4390    0 1
4393    0 1
4398    0 0
4398    0 1
4497 2654 1
4413    0 0
4413    0 1
4668 3253 1
4416    0 0
4416    0 1
4527 3277 1
4421    0 0
4421    0 1
4509 3287 1
4427    0 0
4427    0 1
4511 3305 1
4430    0 0
4430    0 1
4530 3313 1
4435    0 0
4435    0 1
4708 3350 1
4442    0 1
4443    0 0
4443    0 1
4549 2508 1
4446    0 1
4447    0 1
4448    0 1
4452    0 1
4458    0 0
4458    0 1
4461    0 1
4462    0 1
4463    0 1
4464    0 1
4465    0 0
4465    0 1
4563 2629 1
4468    0 0
4468    0 1
4808 2647 1
4472    0 0
4472    0 1
5050 2706 0
5055 2706 0
4475    0 0
4475    0 1
5018 2777 0
5021 2777 0
4479    0 0
4479    0 1
4733 3264 1
4484    0 1
4486    0 1
4487    0 1
4491    0 1
4493    0 0
4493    0 1
4716 3398 1
4496    0 1
4497    0 0
4498    0 0
4498    0 1
4587  933 0
4588  933 0
4503    0 0
4503    0 1
4506    0 1
4507    0 1
4508    0 1
4509    0 1
4510    0 1
4511    0 1
4515    0 1
4526    0 1
4527    0 1
4528    0 1
4529    0 1
4530    0 1
4531    0 0
4531    0 1
4786 3358 1
4534    0 0
4534    0 1
4787 3366 1
4537    0 0
4537    0 1
4788 3382 1
4540    0 0
4540    0 1
4789 3390 1
4545    0 0
4549    0 0
4549    0 1
4552    0 1
4555    0 1
4558    0 1
4559    0 0
4559    0 1
4647 2626 1
4650 2626 1
4562    0 1
4563    0 0
4564    0 0
4564    0 1
4900 2650 0
4901 2650 1
4568    0 1
4569    0 0
4569    0 1
4629 3256 1
4572    0 1
4573    0 1
4576    0 0
4576    0 1
4636 3371 1
4581    0 0
4581    0 1
4641 3403 1
4584    0 0
4584    0 1
4643 3411 1
4587    0 1
4589    0 0
4589    0 1
4593    0 0
4593    0 1
4596    0 1
4597    0 1
4599    0 0
4599    0 1
4602    0 1
4603    0 1
4608    0 0
4613    0 0
4613    0 1
4688 3261 1
4616    0 0
4616    0 1
4670 3269 1
4619    0 0
4619    0 1
4674 3347 1
4623    0 0
4623    0 1
4677 3395 1
4628    0 1
4629    0 1
4630    0 1
4635    0 1
4636    0 1
4640    0 1
4641    0 1
4642    0 1
4643    0 1
4644    0 0
4644    0 1
4916 2635 1
4647    0 0
4647    0 1
4727 2805 0
4730 2805 0
4650    0 0
4650    0 1
4727 2808 0
4730 2808 0
4656    0 0
4656    0 1
4924 3334 1
4659    0 0
4659    0 1
4925 3342 1
4664    0 0
4664    0 1
4873 3454 1
4667    0 0
4667    0 1
4668    0 1
4669    0 1
4670    0 1
4673    0 1
4674    0 1
4675    0 1
4676    0 1
4677    0 1
4678    0 1
4679    0 1
4687    0 1
4688    0 1
4691    0 0
4691    0 1
4748 3355 1
4694    0 0
4694    0 1
4750 3363 1
4697    0 0
4697    0 1
4754 3379 1
4700    0 0
4700    0 1
4756 3387 1
4704    0 1
4705    0 1
4706    0 1
4707    0 1
4708    0 1
4711    0 0
4711    0 1
4794 2581 1
4797 2581 1
4716    0 1
4717    0 0
4717    0 1
4901 2617 1
4808 2617 1
4800 2617 1
4722    0 0
4722    0 1
4981 2638 0
4982 2638 1
4726    0 1
4727    0 0
4727    0 1
4815 2814 1
4730    0 0
4730    0 1
5066 2816 1
4733    0 1
4740    0 0
4740    0 1
4743    0 0
4743    0 1
4982 2558 1
4831 2558 1
4747    0 1
4748    0 1
4749    0 1
4750    0 1
4753    0 1
4754    0 1
4755    0 1
4756    0 1
4757    0 0
4757    0 1
4901 2603 1
4838 2603 1
4769    0 0
4769    0 1
4860 3113 1
4772    0 0
4772    0 1
4859 3116 1
4775    0 0
4775    0 1
4829 3451 1
4778    0 1
4786    0 1
4787    0 1
4788    0 1
4789    0 1
4794    0 0
4794    0 1
4876 2736 0
4880 2736 0
4797    0 0
4797    0 1
4876 2739 0
4880 2739 0
4800    0 0
4800    0 1
4996 2788 0
4999 2788 0
4805    0 0
4805    0 1
4952 3438 1
4808    0 0
4808    0 1
4930 3446 1
4812    0 0
4812    0 1
5108 3459 1
4815    0 0
4815    0 1
4816    0 1
4817    0 1
4818    0 0
4818    0 1
4982 2572 1
4916 2572 1
4907 2572 1
4823    0 0
4823    0 1
4901 2594 1
4913 2594 1
4829    0 1
4830    0 1
4831    0 0
4831    0 1
5050 2700 0
5055 2700 0
4838    0 0
4838    0 1
5018 2771 0
5021 2771 0
4844    0 0
4844    0 1
4897 3331 1
4847    0 0
4847    0 1
4899 3339 1
4850    0 0
4850    0 1
4969 3427 1
4854    0 0
4854    0 1
4905 3443 1
4859    0 1
4860    0 1
4868    0 0
4870    0 1
4872    0 1
4873    0 1
4876    0 0
4876    0 1
4944 2745 1
4880    0 0
4880    0 1
5133 2748 1
4885    0 1
4889    0 0
4889    0 1
4928 3435 1
4895    0 1
4896    0 1
4897    0 1
4898    0 1
4899    0 1
4900    0 0
4901    0 0
4902    0 1
4904    0 1
4905    0 1
4907    0 0
4907    0 1
5058 2719 0
5061 2719 0
4913    0 0
4913    0 1
4988 2754 0
4991 2754 0
4916    0 0
4916    0 1
4950 3430 1
4920    0 1
4921    0 0
4921    0 1
4964  951 0
4965  951 0
4924    0 1
4925    0 1
4926    0 1
4928    0 1
4929    0 1
4930    0 1
4931    0 1
4937    0 0
4937    0 1
5220 3491 1
4940    0 0
4940    0 1
5221 3499 1
4944    0 0
4944    0 1
4946    0 0
4946    0 1
4982 2549 1
4985 2549 1
4950    0 1
4951    0 1
4952    0 1
4953    0 1
4954    0 0
4954    0 1
4988 2757 0
4991 2757 0
4957    0 0
4957    0 1
4996 2791 0
4999 2791 0
4964    0 1
4968    0 0
4969    0 1
4973    0 0
4973    0 1
5018 2774 0
5021 2774 0
4978    0 1
4979    0 1
4980    0 1
4981    0 0
4982    0 0
4983    0 1
4984    0 1
4985    0 0
4985    0 1
5080 2681 0
5085 2681 0
4988    0 0
4988    0 1
5045 2763 1
4991    0 0
4991    0 1
5066 2765 1
4996    0 0
4996    0 1
5047 2797 1
4999    0 0
4999    0 1
5066 2799 1
5002    0 0
5002    0 1
5007    0 1
5010    0 0
5010    0 1
5050 2703 0
5055 2703 0
5013    0 0
5013    0 1
5058 2722 0
5061 2722 0
5018    0 0
5018    0 1
5078 2780 1
5021    0 0
5021    0 1
5066 2782 1
5026    0 1
5029    0 1
5030    0 0
5030    0 1
5080 2684 0
5085 2684 0
5039    0 0
5039    0 1
5094 3462 1
5042    0 0
5042    0 1
5125 3470 1
5045    0 0
5045    0 1
5046    0 1
5047    0 0
5047    0 1
5050    0 0
5050    0 1
5102 2709 1
5102 2709 1
5114 2709 1
5055    0 0
5055    0 1
5133 2713 1
5136 2713 1
5058    0 0
5058    0 1
5121 2728 1
5061    0 0
5061    0 1
5133 2730 1
5066    0 0
5066    0 1
5166 2922 1
5173 2922 1
5070    0 0
5070    0 1
5110 3467 1
5078    0 0
5078    0 1
5080    0 0
5080    0 1
5120 2690 1
5120 2690 1
5128 2690 1
5085    0 0
5085    0 1
5133 2694 1
5136 2694 1
5094    0 1
5095    0 1
5097    0 1
5102    0 0
5102    0 1
5103    0 1
5108    0 1
5109    0 1
5110    0 1
5111    0 0
5111    0 1
5114    0 0
5114    0 1
5117    0 0
5117    0 1
5212 3507 1
5120    0 0
5120    0 1
5121    0 0
5121    0 1
5122    0 0
5122    0 1
5125    0 1
5128    0 0
5128    0 1
5133    0 0
5133    0 1
5166 2925 1
5173 2925 1
5136    0 0
5139    0 0
5139    0 1
5183 3510 1
5145    0 0
5145    0 1
5151    0 0
5151    0 1
5196 3494 1
5154    0 0
5154    0 1
5198 3502 1
5159    0 1
5160    0 0
5160    0 1
5242 3544 1
5163    0 0
5163    0 1
5243 3552 1
5173    0 0
5174    0 0
5174    0 1
5245 3475 1
5177    0 0
5177    0 1
5246 3483 1
5182    0 1
5183    0 1
5184    0 0
5184    0 1
5223 3541 1
5188    0 0
5188    0 1
5224 3549 1
5192    0 0
5192    0 1
5193    0 1
5196    0 1
5197    0 1
5198    0 1
5199    0 1
5201    0 1
5203    0 1
5205    0 0
5205    0 1
5232 3478 1
5209    0 0
5209    0 1
5234 3486 1
5212    0 1
5217    0 1
5219    0 1
5220    0 1
5221    0 1
5222    0 1
5223    0 1
5224    0 1
5225    0 1
5228    0 0
5228    0 1
5295 3520 1
5231    0 0
5231    0 1
5232    0 1
5233    0 1
5234    0 1
5235    0 1
5236    0 0
5236    0 1
5277 2844 1
5285 2844 1
5242    0 1
5243    0 1
5245    0 1
5246    0 1
5250    0 0
5250    0 1
5278 2849 1
5286 2849 1
5253    0 1
5254    0 0
5254    0 1
5277 2888 1
5278 2888 1
5258    0 0
5258    0 1
5266    0 0
5266    0 1
5285 2892 1
5286 2892 1
5269    0 0
5269    0 1
5284 3517 1
5277    0 0
5278    0 0
5279    0 0
5279    0 1
5283    0 1
5284    0 1
5285    0 0
5286    0 0
5289    0 0
5289    0 1
5354 3525 1
5292    0 0
5292    0 1
5355 3533 1
5295    0 1
5298    0 0
5298    0 1
5303    0 0
5303    0 1
5350 3560 1
5306    0 0
5306    0 1
5351 3568 1
5309    0 0
5309    0 1
5312    0 1
5313    0 1
5322    0 1
5323    0 1
5324    0 0
5324    0 1
5340 3557 1
5327    0 0
5327    0 1
5341 3565 1
5332    0 0
5332    0 1
5348 3528 1
5335    0 0
5335    0 1
5349 3536 1
5340    0 1
5341    0 1
5344    0 1
5345    0 1
5348    0 1
5349    0 1
5350    0 1
5351    0 1
5352    0 1
5353    0 1
5354    0 1
5355    0 1
5356    0 1
5357    0 1
5358    0 1
5359    0 1
5360    0 0
5360    0 1
5361    0 0
5361    0 1
