1	PI	545	546	549	552	555	558	561	564	567	570	573	576	579	582	585	588
18	PI	591	594	597	600	603	606	609	612	615	618	621	624	627	630	633	636
35	PI	639	642	645	648	651	654	657	660	663	666	669	672	675	678	681	684
52	PI	687	690	693	696	699	702	705	708	711	714	717	720	723	726	729	732
69	PI	735	738	741	744	747	750	753	756	759	762	765	768	771	774	777	780
86	PI	783	786	789	792	795	798	801	804	807	810	813	816	819	822	825	828
103	PI	831	834	837	840	843	846	849	852	855	858	861	864	867	870	873	876
120	PI	879	882	885	888	891	894	897	900	903	906	909	912	915	918	921	924
137	PI	927	930	933	936	939	942	945	948	951	954	957	960	963	966	969	972
154	PI	975	978	981	984	987	990	993	996	999	1002	1005	1008	1011	1014	1017	1020
171	PI	1023	1026	1029	1032	1035	1038	1041	1044	1047	1050	1053	1056	1059	1062	1065	1068
188	PI	1071	1074	1077	1080	1083	1086	1089	1092	1095	1098	1101	1104	1107	1110	1113	1116
205	PI	1119	1122	1125	1128	1131	1134	1137	1140	1143	1146	1149	1152	1155	1158	1161	1164
222	PI	1167	1170	1173	1176	1179	1182	1185	1188	1191	1194	1197	1200	1203	1206	1209	1212
239	PI	1215	1218	1221	1224	1227	1230	1233	1236	1239	1242	1245	1248	1251	1254	1257	1260
256	PI	1263	1266	1269	1272	1275	1278	1281	1284	1287	1290	1293	1296	1299	1302	1305	1308
273	PI	545	591	639	687	735	783	831	879	927	975	1023	1071	1119	1167	1215	1263
290	PI	546	594	642	690	738	786	834	882	930	978	1026	1074	1122	1170	1218	1266
307	PI	549	597	645	693	741	789	837	885	933	981	1029	1077	1125	1173	1221	1269
324	PI	552	600	648	696	744	792	840	888	936	984	1032	1080	1128	1176	1224	1272
341	PI	555	603	651	699	747	795	843	891	939	987	1035	1083	1131	1179	1227	1275
358	PI	558	606	654	702	750	798	846	894	942	990	1038	1086	1134	1182	1230	1278
375	PI	561	609	657	705	753	801	849	897	945	993	1041	1089	1137	1185	1233	1281
392	PI	564	612	660	708	756	804	852	900	948	996	1044	1092	1140	1188	1236	1284
409	PI	567	615	663	711	759	807	855	903	951	999	1047	1095	1143	1191	1239	1287
426	PI	570	618	666	714	762	810	858	906	954	1002	1050	1098	1146	1194	1242	1290
443	PI	573	621	669	717	765	813	861	909	957	1005	1053	1101	1149	1197	1245	1293
460	PI	576	624	672	720	768	816	864	912	960	1008	1056	1104	1152	1200	1248	1296
477	PI	579	627	675	723	771	819	867	915	963	1011	1059	1107	1155	1203	1251	1299
494	PI	582	630	678	726	774	822	870	918	966	1014	1062	1110	1158	1206	1254	1302
511	PI	585	633	681	729	777	825	873	921	969	1017	1065	1113	1161	1209	1257	1305
528	PI	588	636	684	732	780	828	876	924	972	1020	1068	1116	1164	1212	1260	1308
545	AND	6289
546	AND	1446	1507
549	AND	1763	1825
552	AND	2085	2150
555	AND	2414	2477
558	AND	2745	2807
561	AND	3079	3141
564	AND	3417	3480
567	AND	3760	3826
570	AND	4110	4174
573	AND	4462	4525
576	AND	4817	4880
579	AND	5176	5240
582	AND	5540	5607
585	AND	5882	5929
588	AND	6085	6107
591	AND	1311	1371
594	AND	1450	1512
597	AND	1767	1830
600	AND	2089	2155
603	AND	2418	2482
606	AND	2749	2812
609	AND	3083	3146
612	AND	3421	3485
615	AND	3764	3831
618	AND	4114	4179
621	AND	4466	4530
624	AND	4821	4885
627	AND	5180	5245
630	AND	5544	5612
633	AND	5886	5934
636	AND	6064	6090
639	AND	1315	1373
642	AND	1454	1517
645	AND	1771	1835
648	AND	2093	2160
651	AND	2422	2487
654	AND	2753	2817
657	AND	3087	3151
660	AND	3425	3490
663	AND	3768	3836
666	AND	4118	4184
669	AND	4470	4535
672	AND	4825	4890
675	AND	5184	5250
678	AND	5548	5617
681	AND	5840	5891
684	AND	6040	6069
687	AND	1319	1375
690	AND	1458	1522
693	AND	1775	1840
696	AND	2097	2165
699	AND	2426	2492
702	AND	2757	2822
705	AND	3091	3156
708	AND	3429	3495
711	AND	3772	3841
714	AND	4122	4189
717	AND	4474	4540
720	AND	4829	4895
723	AND	5188	5255
726	AND	5489	5553
729	AND	5792	5845
732	AND	6014	6045
735	AND	1323	1377
738	AND	1462	1527
741	AND	1779	1845
744	AND	2101	2170
747	AND	2430	2497
750	AND	2761	2827
753	AND	3095	3161
756	AND	3433	3500
759	AND	3776	3846
762	AND	4126	4194
765	AND	4478	4545
768	AND	4833	4900
771	AND	5130	5193
774	AND	5434	5494
777	AND	5743	5797
780	AND	5984	6019
783	AND	1327	1379
786	AND	1466	1532
789	AND	1783	1850
792	AND	2105	2175
795	AND	2434	2502
798	AND	2765	2832
801	AND	3099	3166
804	AND	3437	3505
807	AND	3780	3851
810	AND	4130	4199
813	AND	4482	4550
816	AND	4775	4838
819	AND	5076	5135
822	AND	5383	5439
825	AND	5688	5748
828	AND	5950	5989
831	AND	1331	1381
834	AND	1470	1537
837	AND	1787	1855
840	AND	2109	2180
843	AND	2438	2507
846	AND	2769	2837
849	AND	3103	3171
852	AND	3441	3510
855	AND	3784	3856
858	AND	4134	4204
861	AND	4423	4487
864	AND	4721	4780
867	AND	5026	5081
870	AND	5327	5388
873	AND	5633	5693
876	AND	5907	5955
879	AND	1335	1383
882	AND	1474	1542
885	AND	1791	1860
888	AND	2113	2185
891	AND	2442	2512
894	AND	2773	2842
897	AND	3107	3176
900	AND	3445	3515
903	AND	3788	3861
906	AND	4073	4139
909	AND	4368	4428
912	AND	4671	4726
915	AND	4968	5031
918	AND	5271	5332
921	AND	5569	5638
924	AND	5861	5912
927	AND	1339	1385
930	AND	1478	1547
933	AND	1795	1865
936	AND	2117	2190
939	AND	2446	2517
942	AND	2777	2847
945	AND	3111	3181
948	AND	3449	3520
951	AND	3730	3793
954	AND	4022	4078
957	AND	4323	4373
960	AND	4616	4676
963	AND	4916	4973
966	AND	5209	5276
969	AND	5510	5574
972	AND	5813	5866
975	AND	1343	1387
978	AND	1482	1552
981	AND	1799	1870
984	AND	2121	2195
987	AND	2450	2522
990	AND	2781	2852
993	AND	3115	3186
996	AND	3392	3454
999	AND	3681	3735
1002	AND	3980	4027
1005	AND	4269	4328
1008	AND	4566	4621
1011	AND	4854	4921
1014	AND	5151	5214
1017	AND	5455	5515
1020	AND	5764	5818
1023	AND	1347	1389
1026	AND	1486	1557
1029	AND	1803	1875
1032	AND	2125	2200
1035	AND	2454	2527
1038	AND	2785	2857
1041	AND	3058	3120
1044	AND	3344	3397
1047	AND	3641	3686
1050	AND	3926	3985
1053	AND	4220	4274
1056	AND	4503	4571
1059	AND	4796	4859
1062	AND	5097	5156
1065	AND	5404	5460
1068	AND	5709	5769
1071	AND	1351	1391
1074	AND	1490	1562
1077	AND	1807	1880
1080	AND	2129	2205
1083	AND	2458	2532
1086	AND	2727	2790
1089	AND	3010	3063
1092	AND	3305	3349
1095	AND	3586	3646
1098	AND	3877	3931
1101	AND	4155	4225
1104	AND	4444	4508
1107	AND	4742	4801
1110	AND	5047	5102
1113	AND	5348	5409
1116	AND	5654	5714
1119	AND	1355	1393
1122	AND	1494	1567
1125	AND	1811	1885
1128	AND	2133	2210
1131	AND	2398	2463
1134	AND	2678	2732
1137	AND	2971	3015
1140	AND	3248	3310
1143	AND	3536	3591
1146	AND	3809	3882
1149	AND	4094	4160
1152	AND	4389	4449
1155	AND	4692	4747
1158	AND	4989	5052
1161	AND	5292	5353
1164	AND	5590	5659
1167	AND	1359	1395
1170	AND	1498	1572
1173	AND	1815	1890
1176	AND	2076	2138
1179	AND	2353	2403
1182	AND	2644	2683
1185	AND	2917	2976
1188	AND	3202	3253
1191	AND	3470	3541
1194	AND	3751	3814
1197	AND	4043	4099
1200	AND	4344	4394
1203	AND	4637	4697
1206	AND	4937	4994
1209	AND	5230	5297
1212	AND	5531	5595
1215	AND	1363	1397
1218	AND	1502	1577
1221	AND	1759	1820
1224	AND	2033	2081
1227	AND	2322	2358
1230	AND	2591	2649
1233	AND	2873	2922
1236	AND	3136	3207
1239	AND	3413	3475
1242	AND	3702	3756
1245	AND	4001	4048
1248	AND	4290	4349
1251	AND	4587	4642
1254	AND	4875	4942
1257	AND	5172	5235
1260	AND	5476	5536
1263	AND	1367	1399
1266	AND	1624	1684
1269	AND	1897	1945
1272	AND	2145	2221
1275	AND	2410	2474
1278	AND	2690	2743
1281	AND	2983	3026
1284	AND	3260	3321
1287	AND	3548	3602
1290	AND	3821	3893
1293	AND	4106	4171
1296	AND	4401	4460
1299	AND	4704	4758
1302	AND	5001	5063
1305	AND	5304	5364
1308	AND	5602	5670
1311	NOT	1371	1372	1508
1315	NOT	1373	1374	1513
1319	NOT	1375	1376	1518
1323	NOT	1377	1378	1523
1327	NOT	1379	1380	1528
1331	NOT	1381	1382	1533
1335	NOT	1383	1384	1538
1339	NOT	1385	1386	1543
1343	NOT	1387	1388	1548
1347	NOT	1389	1390	1553
1351	NOT	1391	1392	1558
1355	NOT	1393	1394	1563
1359	NOT	1395	1396	1568
1363	NOT	1397	1398	1573
1367	NOT	1399	1400	1578
1371	NOR	1401
1372	NOT	1401
1373	NOR	1404
1374	NOT	1404
1375	NOR	1407
1376	NOT	1407
1377	NOR	1410
1378	NOT	1410
1379	NOR	1413
1380	NOT	1413
1381	NOR	1416
1382	NOT	1416
1383	NOR	1419
1384	NOT	1419
1385	NOR	1422
1386	NOT	1422
1387	NOR	1425
1388	NOT	1425
1389	NOR	1428
1390	NOT	1428
1391	NOR	1431
1392	NOT	1431
1393	NOR	1434
1394	NOT	1434
1395	NOR	1437
1396	NOT	1437
1397	NOR	1440
1398	NOT	1440
1399	NOR	1443
1400	NOT	1443
1401	NOR	1446	1506
1404	NOR	1450	1511
1407	NOR	1454	1516
1410	NOR	1458	1521
1413	NOR	1462	1526
1416	NOR	1466	1531
1419	NOR	1470	1536
1422	NOR	1474	1541
1425	NOR	1478	1546
1428	NOR	1482	1551
1431	NOR	1486	1556
1434	NOR	1490	1561
1437	NOR	1494	1566
1440	NOR	1498	1571
1443	NOR	1502	1576
1446	NOR	1506	1507	1508
1450	NOR	1511	1512	1513
1454	NOR	1516	1517	1518
1458	NOR	1521	1522	1523
1462	NOR	1526	1527	1528
1466	NOR	1531	1532	1533
1470	NOR	1536	1537	1538
1474	NOR	1541	1542	1543
1478	NOR	1546	1547	1548
1482	NOR	1551	1552	1553
1486	NOR	1556	1557	1558
1490	NOR	1561	1562	1563
1494	NOR	1566	1567	1568
1498	NOR	1571	1572	1573
1502	NOR	1576	1577	1578
1506	NOR	1581
1507	NOR	1581
1508	NOR	1628	1687
1511	NOR	1582
1512	NOR	1582
1513	NOR	1632	1689
1516	NOR	1585
1517	NOR	1585
1518	NOR	1636	1691
1521	NOR	1588
1522	NOR	1588
1523	NOR	1640	1693
1526	NOR	1591
1527	NOR	1591
1528	NOR	1644	1695
1531	NOR	1594
1532	NOR	1594
1533	NOR	1648	1697
1536	NOR	1597
1537	NOR	1597
1538	NOR	1652	1699
1541	NOR	1600
1542	NOR	1600
1543	NOR	1656	1701
1546	NOR	1603
1547	NOR	1603
1548	NOR	1660	1703
1551	NOR	1606
1552	NOR	1606
1553	NOR	1664	1705
1556	NOR	1609
1557	NOR	1609
1558	NOR	1668	1707
1561	NOR	1612
1562	NOR	1612
1563	NOR	1672	1709
1566	NOR	1615
1567	NOR	1615
1568	NOR	1676	1711
1571	NOR	1618
1572	NOR	1618
1573	NOR	1680	1713
1576	NOR	1621
1577	NOR	1621
1578	NOR	1624	1685
1581	NOR	6290
1582	NOR	1628	1686
1585	NOR	1632	1688
1588	NOR	1636	1690
1591	NOR	1640	1692
1594	NOR	1644	1694
1597	NOR	1648	1696
1600	NOR	1652	1698
1603	NOR	1656	1700
1606	NOR	1660	1702
1609	NOR	1664	1704
1612	NOR	1668	1706
1615	NOR	1672	1708
1618	NOR	1676	1710
1621	NOR	1680	1712
1624	NOR	1684	1685	1821
1628	NOR	1686	1687	1826
1632	NOR	1688	1689	1831
1636	NOR	1690	1691	1836
1640	NOR	1692	1693	1841
1644	NOR	1694	1695	1846
1648	NOR	1696	1697	1851
1652	NOR	1698	1699	1856
1656	NOR	1700	1701	1861
1660	NOR	1702	1703	1866
1664	NOR	1704	1705	1871
1668	NOR	1706	1707	1876
1672	NOR	1708	1709	1881
1676	NOR	1710	1711	1886
1680	NOR	1712	1713	1891
1684	NOR	1714
1685	NOR	1714
1686	NOR	1717
1687	NOR	1717
1688	NOR	1720
1689	NOR	1720
1690	NOR	1723
1691	NOR	1723
1692	NOR	1726
1693	NOR	1726
1694	NOR	1729
1695	NOR	1729
1696	NOR	1732
1697	NOR	1732
1698	NOR	1735
1699	NOR	1735
1700	NOR	1738
1701	NOR	1738
1702	NOR	1741
1703	NOR	1741
1704	NOR	1744
1705	NOR	1744
1706	NOR	1747
1707	NOR	1747
1708	NOR	1750
1709	NOR	1750
1710	NOR	1753
1711	NOR	1753
1712	NOR	1756
1713	NOR	1756
1714	NOR	1759	1819
1717	NOR	1763	1824
1720	NOR	1767	1829
1723	NOR	1771	1834
1726	NOR	1775	1839
1729	NOR	1779	1844
1732	NOR	1783	1849
1735	NOR	1787	1854
1738	NOR	1791	1859
1741	NOR	1795	1864
1744	NOR	1799	1869
1747	NOR	1803	1874
1750	NOR	1807	1879
1753	NOR	1811	1884
1756	NOR	1815	1889
1759	NOR	1819	1820	1821
1763	NOR	1824	1825	1826
1767	NOR	1829	1830	1831
1771	NOR	1834	1835	1836
1775	NOR	1839	1840	1841
1779	NOR	1844	1845	1846
1783	NOR	1849	1850	1851
1787	NOR	1854	1855	1856
1791	NOR	1859	1860	1861
1795	NOR	1864	1865	1866
1799	NOR	1869	1870	1871
1803	NOR	1874	1875	1876
1807	NOR	1879	1880	1881
1811	NOR	1884	1885	1886
1815	NOR	1889	1890	1891
1819	NOR	1894
1820	NOR	1894
1821	NOR	1897	1946
1824	NOR	1901
1825	NOR	1901
1826	NOR	1947	2005
1829	NOR	1902
1830	NOR	1902
1831	NOR	1951	2007
1834	NOR	1905
1835	NOR	1905
1836	NOR	1955	2009
1839	NOR	1908
1840	NOR	1908
1841	NOR	1959	2011
1844	NOR	1911
1845	NOR	1911
1846	NOR	1963	2013
1849	NOR	1914
1850	NOR	1914
1851	NOR	1967	2015
1854	NOR	1917
1855	NOR	1917
1856	NOR	1971	2017
1859	NOR	1920
1860	NOR	1920
1861	NOR	1975	2019
1864	NOR	1923
1865	NOR	1923
1866	NOR	1979	2021
1869	NOR	1926
1870	NOR	1926
1871	NOR	1983	2023
1874	NOR	1929
1875	NOR	1929
1876	NOR	1987	2025
1879	NOR	1932
1880	NOR	1932
1881	NOR	1991	2027
1884	NOR	1935
1885	NOR	1935
1886	NOR	1995	2029
1889	NOR	1938
1890	NOR	1938
1891	NOR	1941	2000
1894	NOR	1941	1999
1897	NOR	1945	1946	2082
1901	NOR	6291
1902	NOR	1947	2004
1905	NOR	1951	2006
1908	NOR	1955	2008
1911	NOR	1959	2010
1914	NOR	1963	2012
1917	NOR	1967	2014
1920	NOR	1971	2016
1923	NOR	1975	2018
1926	NOR	1979	2020
1929	NOR	1983	2022
1932	NOR	1987	2024
1935	NOR	1991	2026
1938	NOR	1995	2028
1941	NOR	1999	2000	2139
1945	NOR	2001
1946	NOR	2001
1947	NOR	2004	2005	2151
1951	NOR	2006	2007	2156
1955	NOR	2008	2009	2161
1959	NOR	2010	2011	2166
1963	NOR	2012	2013	2171
1967	NOR	2014	2015	2176
1971	NOR	2016	2017	2181
1975	NOR	2018	2019	2186
1979	NOR	2020	2021	2191
1983	NOR	2022	2023	2196
1987	NOR	2024	2025	2201
1991	NOR	2026	2027	2206
1995	NOR	2028	2029	2211
1999	NOR	2030
2000	NOR	2030
2001	NOR	2033	2080
2004	NOR	2037
2005	NOR	2037
2006	NOR	2040
2007	NOR	2040
2008	NOR	2043
2009	NOR	2043
2010	NOR	2046
2011	NOR	2046
2012	NOR	2049
2013	NOR	2049
2014	NOR	2052
2015	NOR	2052
2016	NOR	2055
2017	NOR	2055
2018	NOR	2058
2019	NOR	2058
2020	NOR	2061
2021	NOR	2061
2022	NOR	2064
2023	NOR	2064
2024	NOR	2067
2025	NOR	2067
2026	NOR	2070
2027	NOR	2070
2028	NOR	2073
2029	NOR	2073
2030	NOR	2076	2137
2033	NOR	2080	2081	2082
2037	NOR	2085	2149
2040	NOR	2089	2154
2043	NOR	2093	2159
2046	NOR	2097	2164
2049	NOR	2101	2169
2052	NOR	2105	2174
2055	NOR	2109	2179
2058	NOR	2113	2184
2061	NOR	2117	2189
2064	NOR	2121	2194
2067	NOR	2125	2199
2070	NOR	2129	2204
2073	NOR	2133	2209
2076	NOR	2137	2138	2139
2080	NOR	2142
2081	NOR	2142
2082	NOR	2145	2222
2085	NOR	2149	2150	2151
2089	NOR	2154	2155	2156
2093	NOR	2159	2160	2161
2097	NOR	2164	2165	2166
2101	NOR	2169	2170	2171
2105	NOR	2174	2175	2176
2109	NOR	2179	2180	2181
2113	NOR	2184	2185	2186
2117	NOR	2189	2190	2191
2121	NOR	2194	2195	2196
2125	NOR	2199	2200	2201
2129	NOR	2204	2205	2206
2133	NOR	2209	2210	2211
2137	NOR	2214
2138	NOR	2214
2139	NOR	2217	2265
2142	NOR	2217	2264
2145	NOR	2221	2222	2359
2149	NOR	2223
2150	NOR	2223
2151	NOR	2269	2327
2154	NOR	2224
2155	NOR	2224
2156	NOR	2273	2329
2159	NOR	2227
2160	NOR	2227
2161	NOR	2277	2331
2164	NOR	2230
2165	NOR	2230
2166	NOR	2281	2333
2169	NOR	2233
2170	NOR	2233
2171	NOR	2285	2335
2174	NOR	2236
2175	NOR	2236
2176	NOR	2289	2337
2179	NOR	2239
2180	NOR	2239
2181	NOR	2293	2339
2184	NOR	2242
2185	NOR	2242
2186	NOR	2297	2341
2189	NOR	2245
2190	NOR	2245
2191	NOR	2301	2343
2194	NOR	2248
2195	NOR	2248
2196	NOR	2305	2345
2199	NOR	2251
2200	NOR	2251
2201	NOR	2309	2347
2204	NOR	2254
2205	NOR	2254
2206	NOR	2313	2349
2209	NOR	2257
2210	NOR	2257
2211	NOR	2260	2318
2214	NOR	2260	2317
2217	NOR	2264	2265	2404
2221	NOR	2266
2222	NOR	2266
2223	NOR	6292
2224	NOR	2269	2326
2227	NOR	2273	2328
2230	NOR	2277	2330
2233	NOR	2281	2332
2236	NOR	2285	2334
2239	NOR	2289	2336
2242	NOR	2293	2338
2245	NOR	2297	2340
2248	NOR	2301	2342
2251	NOR	2305	2344
2254	NOR	2309	2346
2257	NOR	2313	2348
2260	NOR	2317	2318	2464
2264	NOR	2319
2265	NOR	2319
2266	NOR	2322	2357
2269	NOR	2326	2327	2478
2273	NOR	2328	2329	2483
2277	NOR	2330	2331	2488
2281	NOR	2332	2333	2493
2285	NOR	2334	2335	2498
2289	NOR	2336	2337	2503
2293	NOR	2338	2339	2508
2297	NOR	2340	2341	2513
2301	NOR	2342	2343	2518
2305	NOR	2344	2345	2523
2309	NOR	2346	2347	2528
2313	NOR	2348	2349	2533
2317	NOR	2350
2318	NOR	2350
2319	NOR	2353	2402
2322	NOR	2357	2358	2359
2326	NOR	2362
2327	NOR	2362
2328	NOR	2365
2329	NOR	2365
2330	NOR	2368
2331	NOR	2368
2332	NOR	2371
2333	NOR	2371
2334	NOR	2374
2335	NOR	2374
2336	NOR	2377
2337	NOR	2377
2338	NOR	2380
2339	NOR	2380
2340	NOR	2383
2341	NOR	2383
2342	NOR	2386
2343	NOR	2386
2344	NOR	2389
2345	NOR	2389
2346	NOR	2392
2347	NOR	2392
2348	NOR	2395
2349	NOR	2395
2350	NOR	2398	2462
2353	NOR	2402	2403	2404
2357	NOR	2407
2358	NOR	2407
2359	NOR	2410	2475
2362	NOR	2414	2476
2365	NOR	2418	2481
2368	NOR	2422	2486
2371	NOR	2426	2491
2374	NOR	2430	2496
2377	NOR	2434	2501
2380	NOR	2438	2506
2383	NOR	2442	2511
2386	NOR	2446	2516
2389	NOR	2450	2521
2392	NOR	2454	2526
2395	NOR	2458	2531
2398	NOR	2462	2463	2464
2402	NOR	2467
2403	NOR	2467
2404	NOR	2470	2544
2407	NOR	2470	2543
2410	NOR	2474	2475	2650
2414	NOR	2476	2477	2478
2418	NOR	2481	2482	2483
2422	NOR	2486	2487	2488
2426	NOR	2491	2492	2493
2430	NOR	2496	2497	2498
2434	NOR	2501	2502	2503
2438	NOR	2506	2507	2508
2442	NOR	2511	2512	2513
2446	NOR	2516	2517	2518
2450	NOR	2521	2522	2523
2454	NOR	2526	2527	2528
2458	NOR	2531	2532	2533
2462	NOR	2536
2463	NOR	2536
2464	NOR	2539	2587
2467	NOR	2539	2586
2470	NOR	2543	2544	2684
2474	NOR	2545
2475	NOR	2545
2476	NOR	2548
2477	NOR	2548
2478	NOR	2595	2654
2481	NOR	2549
2482	NOR	2549
2483	NOR	2599	2656
2486	NOR	2552
2487	NOR	2552
2488	NOR	2603	2658
2491	NOR	2555
2492	NOR	2555
2493	NOR	2607	2660
2496	NOR	2558
2497	NOR	2558
2498	NOR	2611	2662
2501	NOR	2561
2502	NOR	2561
2503	NOR	2615	2664
2506	NOR	2564
2507	NOR	2564
2508	NOR	2619	2666
2511	NOR	2567
2512	NOR	2567
2513	NOR	2623	2668
2516	NOR	2570
2517	NOR	2570
2518	NOR	2627	2670
2521	NOR	2573
2522	NOR	2573
2523	NOR	2631	2672
2526	NOR	2576
2527	NOR	2576
2528	NOR	2635	2674
2531	NOR	2579
2532	NOR	2579
2533	NOR	2582	2640
2536	NOR	2582	2639
2539	NOR	2586	2587	2733
2543	NOR	2588
2544	NOR	2588
2545	NOR	2591	2648
2548	NOR	6293
2549	NOR	2595	2653
2552	NOR	2599	2655
2555	NOR	2603	2657
2558	NOR	2607	2659
2561	NOR	2611	2661
2564	NOR	2615	2663
2567	NOR	2619	2665
2570	NOR	2623	2667
2573	NOR	2627	2669
2576	NOR	2631	2671
2579	NOR	2635	2673
2582	NOR	2639	2640	2791
2586	NOR	2641
2587	NOR	2641
2588	NOR	2644	2682
2591	NOR	2648	2649	2650
2595	NOR	2653	2654	2808
2599	NOR	2655	2656	2813
2603	NOR	2657	2658	2818
2607	NOR	2659	2660	2823
2611	NOR	2661	2662	2828
2615	NOR	2663	2664	2833
2619	NOR	2665	2666	2838
2623	NOR	2667	2668	2843
2627	NOR	2669	2670	2848
2631	NOR	2671	2672	2853
2635	NOR	2673	2674	2858
2639	NOR	2675
2640	NOR	2675
2641	NOR	2678	2731
2644	NOR	2682	2683	2684
2648	NOR	2687
2649	NOR	2687
2650	NOR	2690	2744
2653	NOR	2694
2654	NOR	2694
2655	NOR	2697
2656	NOR	2697
2657	NOR	2700
2658	NOR	2700
2659	NOR	2703
2660	NOR	2703
2661	NOR	2706
2662	NOR	2706
2663	NOR	2709
2664	NOR	2709
2665	NOR	2712
2666	NOR	2712
2667	NOR	2715
2668	NOR	2715
2669	NOR	2718
2670	NOR	2718
2671	NOR	2721
2672	NOR	2721
2673	NOR	2724
2674	NOR	2724
2675	NOR	2727	2789
2678	NOR	2731	2732	2733
2682	NOR	2736
2683	NOR	2736
2684	NOR	2739	2802
2687	NOR	2739	2801
2690	NOR	2743	2744	2923
2694	NOR	2745	2806
2697	NOR	2749	2811
2700	NOR	2753	2816
2703	NOR	2757	2821
2706	NOR	2761	2826
2709	NOR	2765	2831
2712	NOR	2769	2836
2715	NOR	2773	2841
2718	NOR	2777	2846
2721	NOR	2781	2851
2724	NOR	2785	2856
2727	NOR	2789	2790	2791
2731	NOR	2794
2732	NOR	2794
2733	NOR	2797	2869
2736	NOR	2797	2868
2739	NOR	2801	2802	2977
2743	NOR	2803
2744	NOR	2803
2745	NOR	2806	2807	2808
2749	NOR	2811	2812	2813
2753	NOR	2816	2817	2818
2757	NOR	2821	2822	2823
2761	NOR	2826	2827	2828
2765	NOR	2831	2832	2833
2769	NOR	2836	2837	2838
2773	NOR	2841	2842	2843
2777	NOR	2846	2847	2848
2781	NOR	2851	2852	2853
2785	NOR	2856	2857	2858
2789	NOR	2861
2790	NOR	2861
2791	NOR	2864	2913
2794	NOR	2864	2912
2797	NOR	2868	2869	3016
2801	NOR	2870
2802	NOR	2870
2803	NOR	2873	2921
2806	NOR	2877
2807	NOR	2877
2808	NOR	2926	2988
2811	NOR	2878
2812	NOR	2878
2813	NOR	2930	2990
2816	NOR	2881
2817	NOR	2881
2818	NOR	2934	2992
2821	NOR	2884
2822	NOR	2884
2823	NOR	2938	2994
2826	NOR	2887
2827	NOR	2887
2828	NOR	2942	2996
2831	NOR	2890
2832	NOR	2890
2833	NOR	2946	2998
2836	NOR	2893
2837	NOR	2893
2838	NOR	2950	3000
2841	NOR	2896
2842	NOR	2896
2843	NOR	2954	3002
2846	NOR	2899
2847	NOR	2899
2848	NOR	2958	3004
2851	NOR	2902
2852	NOR	2902
2853	NOR	2962	3006
2856	NOR	2905
2857	NOR	2905
2858	NOR	2908	2967
2861	NOR	2908	2966
2864	NOR	2912	2913	3064
2868	NOR	2914
2869	NOR	2914
2870	NOR	2917	2975
2873	NOR	2921	2922	2923
2877	NOR	6294
2878	NOR	2926	2987
2881	NOR	2930	2989
2884	NOR	2934	2991
2887	NOR	2938	2993
2890	NOR	2942	2995
2893	NOR	2946	2997
2896	NOR	2950	2999
2899	NOR	2954	3001
2902	NOR	2958	3003
2905	NOR	2962	3005
2908	NOR	2966	2967	3121
2912	NOR	2968
2913	NOR	2968
2914	NOR	2971	3014
2917	NOR	2975	2976	2977
2921	NOR	2980
2922	NOR	2980
2923	NOR	2983	3027
2926	NOR	2987	2988	3142
2930	NOR	2989	2990	3147
2934	NOR	2991	2992	3152
2938	NOR	2993	2994	3157
2942	NOR	2995	2996	3162
2946	NOR	2997	2998	3167
2950	NOR	2999	3000	3172
2954	NOR	3001	3002	3177
2958	NOR	3003	3004	3182
2962	NOR	3005	3006	3187
2966	NOR	3007
2967	NOR	3007
2968	NOR	3010	3062
2971	NOR	3014	3015	3016
2975	NOR	3019
2976	NOR	3019
2977	NOR	3022	3075
2980	NOR	3022	3074
2983	NOR	3026	3027	3208
2987	NOR	3028
2988	NOR	3028
2989	NOR	3031
2990	NOR	3031
2991	NOR	3034
2992	NOR	3034
2993	NOR	3037
2994	NOR	3037
2995	NOR	3040
2996	NOR	3040
2997	NOR	3043
2998	NOR	3043
2999	NOR	3046
3000	NOR	3046
3001	NOR	3049
3002	NOR	3049
3003	NOR	3052
3004	NOR	3052
3005	NOR	3055
3006	NOR	3055
3007	NOR	3058	3119
3010	NOR	3062	3063	3064
3014	NOR	3067
3015	NOR	3067
3016	NOR	3070	3132
3019	NOR	3070	3131
3022	NOR	3074	3075	3254
3026	NOR	3076
3027	NOR	3076
3028	NOR	3079	3140
3031	NOR	3083	3145
3034	NOR	3087	3150
3037	NOR	3091	3155
3040	NOR	3095	3160
3043	NOR	3099	3165
3046	NOR	3103	3170
3049	NOR	3107	3175
3052	NOR	3111	3180
3055	NOR	3115	3185
3058	NOR	3119	3120	3121
3062	NOR	3124
3063	NOR	3124
3064	NOR	3127	3198
3067	NOR	3127	3197
3070	NOR	3131	3132	3311
3074	NOR	3133
3075	NOR	3133
3076	NOR	3136	3206
3079	NOR	3140	3141	3142
3083	NOR	3145	3146	3147
3087	NOR	3150	3151	3152
3091	NOR	3155	3156	3157
3095	NOR	3160	3161	3162
3099	NOR	3165	3166	3167
3103	NOR	3170	3171	3172
3107	NOR	3175	3176	3177
3111	NOR	3180	3181	3182
3115	NOR	3185	3186	3187
3119	NOR	3190
3120	NOR	3190
3121	NOR	3193	3244
3124	NOR	3193	3243
3127	NOR	3197	3198	3350
3131	NOR	3199
3132	NOR	3199
3133	NOR	3202	3252
3136	NOR	3206	3207	3208
3140	NOR	3211
3141	NOR	3211
3142	NOR	3264	3324
3145	NOR	3212
3146	NOR	3212
3147	NOR	3268	3326
3150	NOR	3215
3151	NOR	3215
3152	NOR	3272	3328
3155	NOR	3218
3156	NOR	3218
3157	NOR	3276	3330
3160	NOR	3221
3161	NOR	3221
3162	NOR	3280	3332
3165	NOR	3224
3166	NOR	3224
3167	NOR	3284	3334
3170	NOR	3227
3171	NOR	3227
3172	NOR	3288	3336
3175	NOR	3230
3176	NOR	3230
3177	NOR	3292	3338
3180	NOR	3233
3181	NOR	3233
3182	NOR	3296	3340
3185	NOR	3236
3186	NOR	3236
3187	NOR	3239	3301
3190	NOR	3239	3300
3193	NOR	3243	3244	3398
3197	NOR	3245
3198	NOR	3245
3199	NOR	3248	3309
3202	NOR	3252	3253	3254
3206	NOR	3257
3207	NOR	3257
3208	NOR	3260	3322
3211	NOR	6295
3212	NOR	3264	3323
3215	NOR	3268	3325
3218	NOR	3272	3327
3221	NOR	3276	3329
3224	NOR	3280	3331
3227	NOR	3284	3333
3230	NOR	3288	3335
3233	NOR	3292	3337
3236	NOR	3296	3339
3239	NOR	3300	3301	3455
3243	NOR	3302
3244	NOR	3302
3245	NOR	3305	3348
3248	NOR	3309	3310	3311
3252	NOR	3314
3253	NOR	3314
3254	NOR	3317	3361
3257	NOR	3317	3360
3260	NOR	3321	3322	3476
3264	NOR	3323	3324	3481
3268	NOR	3325	3326	3486
3272	NOR	3327	3328	3491
3276	NOR	3329	3330	3496
3280	NOR	3331	3332	3501
3284	NOR	3333	3334	3506
3288	NOR	3335	3336	3511
3292	NOR	3337	3338	3516
3296	NOR	3339	3340	3521
3300	NOR	3341
3301	NOR	3341
3302	NOR	3344	3396
3305	NOR	3348	3349	3350
3309	NOR	3353
3310	NOR	3353
3311	NOR	3356	3409
3314	NOR	3356	3408
3317	NOR	3360	3361	3542
3321	NOR	3362
3322	NOR	3362
3323	NOR	3365
3324	NOR	3365
3325	NOR	3368
3326	NOR	3368
3327	NOR	3371
3328	NOR	3371
3329	NOR	3374
3330	NOR	3374
3331	NOR	3377
3332	NOR	3377
3333	NOR	3380
3334	NOR	3380
3335	NOR	3383
3336	NOR	3383
3337	NOR	3386
3338	NOR	3386
3339	NOR	3389
3340	NOR	3389
3341	NOR	3392	3453
3344	NOR	3396	3397	3398
3348	NOR	3401
3349	NOR	3401
3350	NOR	3404	3466
3353	NOR	3404	3465
3356	NOR	3408	3409	3592
3360	NOR	3410
3361	NOR	3410
3362	NOR	3413	3474
3365	NOR	3417	3479
3368	NOR	3421	3484
3371	NOR	3425	3489
3374	NOR	3429	3494
3377	NOR	3433	3499
3380	NOR	3437	3504
3383	NOR	3441	3509
3386	NOR	3445	3514
3389	NOR	3449	3519
3392	NOR	3453	3454	3455
3396	NOR	3458
3397	NOR	3458
3398	NOR	3461	3532
3401	NOR	3461	3531
3404	NOR	3465	3466	3647
3408	NOR	3467
3409	NOR	3467
3410	NOR	3470	3540
3413	NOR	3474	3475	3476
3417	NOR	3479	3480	3481
3421	NOR	3484	3485	3486
3425	NOR	3489	3490	3491
3429	NOR	3494	3495	3496
3433	NOR	3499	3500	3501
3437	NOR	3504	3505	3506
3441	NOR	3509	3510	3511
3445	NOR	3514	3515	3516
3449	NOR	3519	3520	3521
3453	NOR	3524
3454	NOR	3524
3455	NOR	3527	3582
3458	NOR	3527	3581
3461	NOR	3531	3532	3687
3465	NOR	3533
3466	NOR	3533
3467	NOR	3536	3590
3470	NOR	3540	3541	3542
3474	NOR	3545
3475	NOR	3545
3476	NOR	3548	3603
3479	NOR	3552
3480	NOR	3552
3481	NOR	3604	3663
3484	NOR	3553
3485	NOR	3553
3486	NOR	3608	3665
3489	NOR	3556
3490	NOR	3556
3491	NOR	3612	3667
3494	NOR	3559
3495	NOR	3559
3496	NOR	3616	3669
3499	NOR	3562
3500	NOR	3562
3501	NOR	3620	3671
3504	NOR	3565
3505	NOR	3565
3506	NOR	3624	3673
3509	NOR	3568
3510	NOR	3568
3511	NOR	3628	3675
3514	NOR	3571
3515	NOR	3571
3516	NOR	3632	3677
3519	NOR	3574
3520	NOR	3574
3521	NOR	3577	3637
3524	NOR	3577	3636
3527	NOR	3581	3582	3736
3531	NOR	3583
3532	NOR	3583
3533	NOR	3586	3645
3536	NOR	3590	3591	3592
3540	NOR	3595
3541	NOR	3595
3542	NOR	3598	3658
3545	NOR	3598	3657
3548	NOR	3602	3603	3757
3552	NOR	6296
3553	NOR	3604	3662
3556	NOR	3608	3664
3559	NOR	3612	3666
3562	NOR	3616	3668
3565	NOR	3620	3670
3568	NOR	3624	3672
3571	NOR	3628	3674
3574	NOR	3632	3676
3577	NOR	3636	3637	3794
3581	NOR	3638
3582	NOR	3638
3583	NOR	3641	3685
3586	NOR	3645	3646	3647
3590	NOR	3650
3591	NOR	3650
3592	NOR	3653	3698
3595	NOR	3653	3697
3598	NOR	3657	3658	3815
3602	NOR	3659
3603	NOR	3659
3604	NOR	3662	3663	3827
3608	NOR	3664	3665	3832
3612	NOR	3666	3667	3837
3616	NOR	3668	3669	3842
3620	NOR	3670	3671	3847
3624	NOR	3672	3673	3852
3628	NOR	3674	3675	3857
3632	NOR	3676	3677	3862
3636	NOR	3678
3637	NOR	3678
3638	NOR	3681	3734
3641	NOR	3685	3686	3687
3645	NOR	3690
3646	NOR	3690
3647	NOR	3693	3747
3650	NOR	3693	3746
3653	NOR	3697	3698	3883
3657	NOR	3699
3658	NOR	3699
3659	NOR	3702	3755
3662	NOR	3706
3663	NOR	3706
3664	NOR	3709
3665	NOR	3709
3666	NOR	3712
3667	NOR	3712
3668	NOR	3715
3669	NOR	3715
3670	NOR	3718
3671	NOR	3718
3672	NOR	3721
3673	NOR	3721
3674	NOR	3724
3675	NOR	3724
3676	NOR	3727
3677	NOR	3727
3678	NOR	3730	3792
3681	NOR	3734	3735	3736
3685	NOR	3739
3686	NOR	3739
3687	NOR	3742	3805
3690	NOR	3742	3804
3693	NOR	3746	3747	3932
3697	NOR	3748
3698	NOR	3748
3699	NOR	3751	3813
3702	NOR	3755	3756	3757
3706	NOR	3760	3825
3709	NOR	3764	3830
3712	NOR	3768	3835
3715	NOR	3772	3840
3718	NOR	3776	3845
3721	NOR	3780	3850
3724	NOR	3784	3855
3727	NOR	3788	3860
3730	NOR	3792	3793	3794
3734	NOR	3797
3735	NOR	3797
3736	NOR	3800	3873
3739	NOR	3800	3872
3742	NOR	3804	3805	3986
3746	NOR	3806
3747	NOR	3806
3748	NOR	3809	3881
3751	NOR	3813	3814	3815
3755	NOR	3818
3756	NOR	3818
3757	NOR	3821	3894
3760	NOR	3825	3826	3827
3764	NOR	3830	3831	3832
3768	NOR	3835	3836	3837
3772	NOR	3840	3841	3842
3776	NOR	3845	3846	3847
3780	NOR	3850	3851	3852
3784	NOR	3855	3856	3857
3788	NOR	3860	3861	3862
3792	NOR	3865
3793	NOR	3865
3794	NOR	3868	3922
3797	NOR	3868	3921
3800	NOR	3872	3873	4028
3804	NOR	3874
3805	NOR	3874
3806	NOR	3877	3930
3809	NOR	3881	3882	3883
3813	NOR	3886
3814	NOR	3886
3815	NOR	3889	3943
3818	NOR	3889	3942
3821	NOR	3893	3894	4049
3825	NOR	3895
3826	NOR	3895
3827	NOR	3947	4006
3830	NOR	3896
3831	NOR	3896
3832	NOR	3951	4008
3835	NOR	3899
3836	NOR	3899
3837	NOR	3955	4010
3840	NOR	3902
3841	NOR	3902
3842	NOR	3959	4012
3845	NOR	3905
3846	NOR	3905
3847	NOR	3963	4014
3850	NOR	3908
3851	NOR	3908
3852	NOR	3967	4016
3855	NOR	3911
3856	NOR	3911
3857	NOR	3971	4018
3860	NOR	3914
3861	NOR	3914
3862	NOR	3917	3976
3865	NOR	3917	3975
3868	NOR	3921	3922	4079
3872	NOR	3923
3873	NOR	3923
3874	NOR	3926	3984
3877	NOR	3930	3931	3932
3881	NOR	3935
3882	NOR	3935
3883	NOR	3938	3997
3886	NOR	3938	3996
3889	NOR	3942	3943	4100
3893	NOR	3944
3894	NOR	3944
3895	NOR	6297
3896	NOR	3947	4005
3899	NOR	3951	4007
3902	NOR	3955	4009
3905	NOR	3959	4011
3908	NOR	3963	4013
3911	NOR	3967	4015
3914	NOR	3971	4017
3917	NOR	3975	3976	4140
3921	NOR	3977
3922	NOR	3977
3923	NOR	3980	4026
3926	NOR	3984	3985	3986
3930	NOR	3989
3931	NOR	3989
3932	NOR	3992	4039
3935	NOR	3992	4038
3938	NOR	3996	3997	4161
3942	NOR	3998
3943	NOR	3998
3944	NOR	4001	4047
3947	NOR	4005	4006	4175
3951	NOR	4007	4008	4180
3955	NOR	4009	4010	4185
3959	NOR	4011	4012	4190
3963	NOR	4013	4014	4195
3967	NOR	4015	4016	4200
3971	NOR	4017	4018	4205
3975	NOR	4019
3976	NOR	4019
3977	NOR	4022	4077
3980	NOR	4026	4027	4028
3984	NOR	4031
3985	NOR	4031
3986	NOR	4034	4090
3989	NOR	4034	4089
3992	NOR	4038	4039	4226
3996	NOR	4040
3997	NOR	4040
3998	NOR	4043	4098
4001	NOR	4047	4048	4049
4005	NOR	4052
4006	NOR	4052
4007	NOR	4055
4008	NOR	4055
4009	NOR	4058
4010	NOR	4058
4011	NOR	4061
4012	NOR	4061
4013	NOR	4064
4014	NOR	4064
4015	NOR	4067
4016	NOR	4067
4017	NOR	4070
4018	NOR	4070
4019	NOR	4073	4138
4022	NOR	4077	4078	4079
4026	NOR	4082
4027	NOR	4082
4028	NOR	4085	4151
4031	NOR	4085	4150
4034	NOR	4089	4090	4275
4038	NOR	4091
4039	NOR	4091
4040	NOR	4094	4159
4043	NOR	4098	4099	4100
4047	NOR	4103
4048	NOR	4103
4049	NOR	4106	4172
4052	NOR	4110	4173
4055	NOR	4114	4178
4058	NOR	4118	4183
4061	NOR	4122	4188
4064	NOR	4126	4193
4067	NOR	4130	4198
4070	NOR	4134	4203
4073	NOR	4138	4139	4140
4077	NOR	4143
4078	NOR	4143
4079	NOR	4146	4216
4082	NOR	4146	4215
4085	NOR	4150	4151	4329
4089	NOR	4152
4090	NOR	4152
4091	NOR	4155	4224
4094	NOR	4159	4160	4161
4098	NOR	4164
4099	NOR	4164
4100	NOR	4167	4237
4103	NOR	4167	4236
4106	NOR	4171	4172	4350
4110	NOR	4173	4174	4175
4114	NOR	4178	4179	4180
4118	NOR	4183	4184	4185
4122	NOR	4188	4189	4190
4126	NOR	4193	4194	4195
4130	NOR	4198	4199	4200
4134	NOR	4203	4204	4205
4138	NOR	4208
4139	NOR	4208
4140	NOR	4211	4265
4143	NOR	4211	4264
4146	NOR	4215	4216	4374
4150	NOR	4217
4151	NOR	4217
4152	NOR	4220	4273
4155	NOR	4224	4225	4226
4159	NOR	4229
4160	NOR	4229
4161	NOR	4232	4286
4164	NOR	4232	4285
4167	NOR	4236	4237	4395
4171	NOR	4238
4172	NOR	4238
4173	NOR	4241
4174	NOR	4241
4175	NOR	4294	4354
4178	NOR	4242
4179	NOR	4242
4180	NOR	4298	4356
4183	NOR	4245
4184	NOR	4245
4185	NOR	4302	4358
4188	NOR	4248
4189	NOR	4248
4190	NOR	4306	4360
4193	NOR	4251
4194	NOR	4251
4195	NOR	4310	4362
4198	NOR	4254
4199	NOR	4254
4200	NOR	4314	4364
4203	NOR	4257
4204	NOR	4257
4205	NOR	4260	4319
4208	NOR	4260	4318
4211	NOR	4264	4265	4429
4215	NOR	4266
4216	NOR	4266
4217	NOR	4269	4327
4220	NOR	4273	4274	4275
4224	NOR	4278
4225	NOR	4278
4226	NOR	4281	4340
4229	NOR	4281	4339
4232	NOR	4285	4286	4450
4236	NOR	4287
4237	NOR	4287
4238	NOR	4290	4348
4241	NOR	6298
4242	NOR	4294	4353
4245	NOR	4298	4355
4248	NOR	4302	4357
4251	NOR	4306	4359
4254	NOR	4310	4361
4257	NOR	4314	4363
4260	NOR	4318	4319	4488
4264	NOR	4320
4265	NOR	4320
4266	NOR	4323	4372
4269	NOR	4327	4328	4329
4273	NOR	4332
4274	NOR	4332
4275	NOR	4335	4385
4278	NOR	4335	4384
4281	NOR	4339	4340	4509
4285	NOR	4341
4286	NOR	4341
4287	NOR	4344	4393
4290	NOR	4348	4349	4350
4294	NOR	4353	4354	4526
4298	NOR	4355	4356	4531
4302	NOR	4357	4358	4536
4306	NOR	4359	4360	4541
4310	NOR	4361	4362	4546
4314	NOR	4363	4364	4551
4318	NOR	4365
4319	NOR	4365
4320	NOR	4368	4427
4323	NOR	4372	4373	4374
4327	NOR	4377
4328	NOR	4377
4329	NOR	4380	4440
4332	NOR	4380	4439
4335	NOR	4384	4385	4572
4339	NOR	4386
4340	NOR	4386
4341	NOR	4389	4448
4344	NOR	4393	4394	4395
4348	NOR	4398
4349	NOR	4398
4350	NOR	4401	4461
4353	NOR	4405
4354	NOR	4405
4355	NOR	4408
4356	NOR	4408
4357	NOR	4411
4358	NOR	4411
4359	NOR	4414
4360	NOR	4414
4361	NOR	4417
4362	NOR	4417
4363	NOR	4420
4364	NOR	4420
4365	NOR	4423	4486
4368	NOR	4427	4428	4429
4372	NOR	4432
4373	NOR	4432
4374	NOR	4435	4499
4377	NOR	4435	4498
4380	NOR	4439	4440	4622
4384	NOR	4441
4385	NOR	4441
4386	NOR	4444	4507
4389	NOR	4448	4449	4450
4393	NOR	4453
4394	NOR	4453
4395	NOR	4456	4520
4398	NOR	4456	4519
4401	NOR	4460	4461	4643
4405	NOR	4462	4524
4408	NOR	4466	4529
4411	NOR	4470	4534
4414	NOR	4474	4539
4417	NOR	4478	4544
4420	NOR	4482	4549
4423	NOR	4486	4487	4488
4427	NOR	4491
4428	NOR	4491
4429	NOR	4494	4562
4432	NOR	4494	4561
4435	NOR	4498	4499	4677
4439	NOR	4500
4440	NOR	4500
4441	NOR	4503	4570
4444	NOR	4507	4508	4509
4448	NOR	4512
4449	NOR	4512
4450	NOR	4515	4583
4453	NOR	4515	4582
4456	NOR	4519	4520	4698
4460	NOR	4521
4461	NOR	4521
4462	NOR	4524	4525	4526
4466	NOR	4529	4530	4531
4470	NOR	4534	4535	4536
4474	NOR	4539	4540	4541
4478	NOR	4544	4545	4546
4482	NOR	4549	4550	4551
4486	NOR	4554
4487	NOR	4554
4488	NOR	4557	4612
4491	NOR	4557	4611
4494	NOR	4561	4562	4727
4498	NOR	4563
4499	NOR	4563
4500	NOR	4566	4620
4503	NOR	4570	4571	4572
4507	NOR	4575
4508	NOR	4575
4509	NOR	4578	4633
4512	NOR	4578	4632
4515	NOR	4582	4583	4748
4519	NOR	4584
4520	NOR	4584
4521	NOR	4587	4641
4524	NOR	4591
4525	NOR	4591
4526	NOR	4646	4709
4529	NOR	4592
4530	NOR	4592
4531	NOR	4650	4711
4534	NOR	4595
4535	NOR	4595
4536	NOR	4654	4713
4539	NOR	4598
4540	NOR	4598
4541	NOR	4658	4715
4544	NOR	4601
4545	NOR	4601
4546	NOR	4662	4717
4549	NOR	4604
4550	NOR	4604
4551	NOR	4607	4667
4554	NOR	4607	4666
4557	NOR	4611	4612	4781
4561	NOR	4613
4562	NOR	4613
4563	NOR	4616	4675
4566	NOR	4620	4621	4622
4570	NOR	4625
4571	NOR	4625
4572	NOR	4628	4688
4575	NOR	4628	4687
4578	NOR	4632	4633	4802
4582	NOR	4634
4583	NOR	4634
4584	NOR	4637	4696
4587	NOR	4641	4642	4643
4591	NOR	6299
4592	NOR	4646	4708
4595	NOR	4650	4710
4598	NOR	4654	4712
4601	NOR	4658	4714
4604	NOR	4662	4716
4607	NOR	4666	4667	4839
4611	NOR	4668
4612	NOR	4668
4613	NOR	4671	4725
4616	NOR	4675	4676	4677
4620	NOR	4680
4621	NOR	4680
4622	NOR	4683	4738
4625	NOR	4683	4737
4628	NOR	4687	4688	4860
4632	NOR	4689
4633	NOR	4689
4634	NOR	4692	4746
4637	NOR	4696	4697	4698
4641	NOR	4701
4642	NOR	4701
4643	NOR	4704	4759
4646	NOR	4708	4709	4881
4650	NOR	4710	4711	4886
4654	NOR	4712	4713	4891
4658	NOR	4714	4715	4896
4662	NOR	4716	4717	4901
4666	NOR	4718
4667	NOR	4718
4668	NOR	4721	4779
4671	NOR	4725	4726	4727
4675	NOR	4730
4676	NOR	4730
4677	NOR	4733	4792
4680	NOR	4733	4791
4683	NOR	4737	4738	4922
4687	NOR	4739
4688	NOR	4739
4689	NOR	4742	4800
4692	NOR	4746	4747	4748
4696	NOR	4751
4697	NOR	4751
4698	NOR	4754	4813
4701	NOR	4754	4812
4704	NOR	4758	4759	4943
4708	NOR	4760
4709	NOR	4760
4710	NOR	4763
4711	NOR	4763
4712	NOR	4766
4713	NOR	4766
4714	NOR	4769
4715	NOR	4769
4716	NOR	4772
4717	NOR	4772
4718	NOR	4775	4837
4721	NOR	4779	4780	4781
4725	NOR	4784
4726	NOR	4784
4727	NOR	4787	4850
4730	NOR	4787	4849
4733	NOR	4791	4792	4974
4737	NOR	4793
4738	NOR	4793
4739	NOR	4796	4858
4742	NOR	4800	4801	4802
4746	NOR	4805
4747	NOR	4805
4748	NOR	4808	4871
4751	NOR	4808	4870
4754	NOR	4812	4813	4995
4758	NOR	4814
4759	NOR	4814
4760	NOR	4817	4879
4763	NOR	4821	4884
4766	NOR	4825	4889
4769	NOR	4829	4894
4772	NOR	4833	4899
4775	NOR	4837	4838	4839
4779	NOR	4842
4780	NOR	4842
4781	NOR	4845	4912
4784	NOR	4845	4911
4787	NOR	4849	4850	5032
4791	NOR	4851
4792	NOR	4851
4793	NOR	4854	4920
4796	NOR	4858	4859	4860
4800	NOR	4863
4801	NOR	4863
4802	NOR	4866	4933
4805	NOR	4866	4932
4808	NOR	4870	4871	5053
4812	NOR	4872
4813	NOR	4872
4814	NOR	4875	4941
4817	NOR	4879	4880	4881
4821	NOR	4884	4885	4886
4825	NOR	4889	4890	4891
4829	NOR	4894	4895	4896
4833	NOR	4899	4900	4901
4837	NOR	4904
4838	NOR	4904
4839	NOR	4907	4964
4842	NOR	4907	4963
4845	NOR	4911	4912	5082
4849	NOR	4913
4850	NOR	4913
4851	NOR	4916	4972
4854	NOR	4920	4921	4922
4858	NOR	4925
4859	NOR	4925
4860	NOR	4928	4985
4863	NOR	4928	4984
4866	NOR	4932	4933	5103
4870	NOR	4934
4871	NOR	4934
4872	NOR	4937	4993
4875	NOR	4941	4942	4943
4879	NOR	4946
4880	NOR	4946
4881	NOR	5005	5066
4884	NOR	4947
4885	NOR	4947
4886	NOR	5009	5068
4889	NOR	4950
4890	NOR	4950
4891	NOR	5013	5070
4894	NOR	4953
4895	NOR	4953
4896	NOR	5017	5072
4899	NOR	4956
4900	NOR	4956
4901	NOR	4959	5022
4904	NOR	4959	5021
4907	NOR	4963	4964	5136
4911	NOR	4965
4912	NOR	4965
4913	NOR	4968	5030
4916	NOR	4972	4973	4974
4920	NOR	4977
4921	NOR	4977
4922	NOR	4980	5043
4925	NOR	4980	5042
4928	NOR	4984	4985	5157
4932	NOR	4986
4933	NOR	4986
4934	NOR	4989	5051
4937	NOR	4993	4994	4995
4941	NOR	4998
4942	NOR	4998
4943	NOR	5001	5064
4946	NOR	6300
4947	NOR	5005	5065
4950	NOR	5009	5067
4953	NOR	5013	5069
4956	NOR	5017	5071
4959	NOR	5021	5022	5194
4963	NOR	5023
4964	NOR	5023
4965	NOR	5026	5080
4968	NOR	5030	5031	5032
4972	NOR	5035
4973	NOR	5035
4974	NOR	5038	5093
4977	NOR	5038	5092
4980	NOR	5042	5043	5215
4984	NOR	5044
4985	NOR	5044
4986	NOR	5047	5101
4989	NOR	5051	5052	5053
4993	NOR	5056
4994	NOR	5056
4995	NOR	5059	5114
4998	NOR	5059	5113
5001	NOR	5063	5064	5236
5005	NOR	5065	5066	5241
5009	NOR	5067	5068	5246
5013	NOR	5069	5070	5251
5017	NOR	5071	5072	5256
5021	NOR	5073
5022	NOR	5073
5023	NOR	5076	5134
5026	NOR	5080	5081	5082
5030	NOR	5085
5031	NOR	5085
5032	NOR	5088	5147
5035	NOR	5088	5146
5038	NOR	5092	5093	5277
5042	NOR	5094
5043	NOR	5094
5044	NOR	5097	5155
5047	NOR	5101	5102	5103
5051	NOR	5106
5052	NOR	5106
5053	NOR	5109	5168
5056	NOR	5109	5167
5059	NOR	5113	5114	5298
5063	NOR	5115
5064	NOR	5115
5065	NOR	5118
5066	NOR	5118
5067	NOR	5121
5068	NOR	5121
5069	NOR	5124
5070	NOR	5124
5071	NOR	5127
5072	NOR	5127
5073	NOR	5130	5192
5076	NOR	5134	5135	5136
5080	NOR	5139
5081	NOR	5139
5082	NOR	5142	5205
5085	NOR	5142	5204
5088	NOR	5146	5147	5333
5092	NOR	5148
5093	NOR	5148
5094	NOR	5151	5213
5097	NOR	5155	5156	5157
5101	NOR	5160
5102	NOR	5160
5103	NOR	5163	5226
5106	NOR	5163	5225
5109	NOR	5167	5168	5354
5113	NOR	5169
5114	NOR	5169
5115	NOR	5172	5234
5118	NOR	5176	5239
5121	NOR	5180	5244
5124	NOR	5184	5249
5127	NOR	5188	5254
5130	NOR	5192	5193	5194
5134	NOR	5197
5135	NOR	5197
5136	NOR	5200	5267
5139	NOR	5200	5266
5142	NOR	5204	5205	5389
5146	NOR	5206
5147	NOR	5206
5148	NOR	5209	5275
5151	NOR	5213	5214	5215
5155	NOR	5218
5156	NOR	5218
5157	NOR	5221	5288
5160	NOR	5221	5287
5163	NOR	5225	5226	5410
5167	NOR	5227
5168	NOR	5227
5169	NOR	5230	5296
5172	NOR	5234	5235	5236
5176	NOR	5239	5240	5241
5180	NOR	5244	5245	5246
5184	NOR	5249	5250	5251
5188	NOR	5254	5255	5256
5192	NOR	5259
5193	NOR	5259
5194	NOR	5262	5323
5197	NOR	5262	5322
5200	NOR	5266	5267	5440
5204	NOR	5268
5205	NOR	5268
5206	NOR	5271	5331
5209	NOR	5275	5276	5277
5213	NOR	5280
5214	NOR	5280
5215	NOR	5283	5344
5218	NOR	5283	5343
5221	NOR	5287	5288	5461
5225	NOR	5289
5226	NOR	5289
5227	NOR	5292	5352
5230	NOR	5296	5297	5298
5234	NOR	5301
5235	NOR	5301
5236	NOR	5304	5365
5239	NOR	5308
5240	NOR	5308
5241	NOR	5366	5426
5244	NOR	5309
5245	NOR	5309
5246	NOR	5370	5428
5249	NOR	5312
5250	NOR	5312
5251	NOR	5374	5430
5254	NOR	5315
5255	NOR	5315
5256	NOR	5318	5379
5259	NOR	5318	5378
5262	NOR	5322	5323	5495
5266	NOR	5324
5267	NOR	5324
5268	NOR	5327	5387
5271	NOR	5331	5332	5333
5275	NOR	5336
5276	NOR	5336
5277	NOR	5339	5400
5280	NOR	5339	5399
5283	NOR	5343	5344	5516
5287	NOR	5345
5288	NOR	5345
5289	NOR	5348	5408
5292	NOR	5352	5353	5354
5296	NOR	5357
5297	NOR	5357
5298	NOR	5360	5421
5301	NOR	5360	5420
5304	NOR	5364	5365	5537
5308	NOR	6301
5309	NOR	5366	5425
5312	NOR	5370	5427
5315	NOR	5374	5429
5318	NOR	5378	5379	5554
5322	NOR	5380
5323	NOR	5380
5324	NOR	5383	5438
5327	NOR	5387	5388	5389
5331	NOR	5392
5332	NOR	5392
5333	NOR	5395	5451
5336	NOR	5395	5450
5339	NOR	5399	5400	5575
5343	NOR	5401
5344	NOR	5401
5345	NOR	5404	5459
5348	NOR	5408	5409	5410
5352	NOR	5413
5353	NOR	5413
5354	NOR	5416	5472
5357	NOR	5416	5471
5360	NOR	5420	5421	5596
5364	NOR	5422
5365	NOR	5422
5366	NOR	5425	5426	5608
5370	NOR	5427	5428	5613
5374	NOR	5429	5430	5618
5378	NOR	5431
5379	NOR	5431
5380	NOR	5434	5493
5383	NOR	5438	5439	5440
5387	NOR	5443
5388	NOR	5443
5389	NOR	5446	5506
5392	NOR	5446	5505
5395	NOR	5450	5451	5639
5399	NOR	5452
5400	NOR	5452
5401	NOR	5455	5514
5404	NOR	5459	5460	5461
5408	NOR	5464
5409	NOR	5464
5410	NOR	5467	5527
5413	NOR	5467	5526
5416	NOR	5471	5472	5660
5420	NOR	5473
5421	NOR	5473
5422	NOR	5476	5535
5425	NOR	5480
5426	NOR	5480
5427	NOR	5483
5428	NOR	5483
5429	NOR	5486
5430	NOR	5486
5431	NOR	5489	5552
5434	NOR	5493	5494	5495
5438	NOR	5498
5439	NOR	5498
5440	NOR	5501	5565
5443	NOR	5501	5564
5446	NOR	5505	5506	5694
5450	NOR	5507
5451	NOR	5507
5452	NOR	5510	5573
5455	NOR	5514	5515	5516
5459	NOR	5519
5460	NOR	5519
5461	NOR	5522	5586
5464	NOR	5522	5585
5467	NOR	5526	5527	5715
5471	NOR	5528
5472	NOR	5528
5473	NOR	5531	5594
5476	NOR	5535	5536	5537
5480	NOR	5540	5606
5483	NOR	5544	5611
5486	NOR	5548	5616
5489	NOR	5552	5553	5554
5493	NOR	5557
5494	NOR	5557
5495	NOR	5560	5629
5498	NOR	5560	5628
5501	NOR	5564	5565	5749
5505	NOR	5566
5506	NOR	5566
5507	NOR	5569	5637
5510	NOR	5573	5574	5575
5514	NOR	5578
5515	NOR	5578
5516	NOR	5581	5650
5519	NOR	5581	5649
5522	NOR	5585	5586	5770
5526	NOR	5587
5527	NOR	5587
5528	NOR	5590	5658
5531	NOR	5594	5595	5596
5535	NOR	5599
5536	NOR	5599
5537	NOR	5602	5671
5540	NOR	5606	5607	5608
5544	NOR	5611	5612	5613
5548	NOR	5616	5617	5618
5552	NOR	5621
5553	NOR	5621
5554	NOR	5624	5684
5557	NOR	5624	5683
5560	NOR	5628	5629	5798
5564	NOR	5630
5565	NOR	5630
5566	NOR	5633	5692
5569	NOR	5637	5638	5639
5573	NOR	5642
5574	NOR	5642
5575	NOR	5645	5705
5578	NOR	5645	5704
5581	NOR	5649	5650	5819
5585	NOR	5651
5586	NOR	5651
5587	NOR	5654	5713
5590	NOR	5658	5659	5660
5594	NOR	5663
5595	NOR	5663
5596	NOR	5666	5726
5599	NOR	5666	5725
5602	NOR	5670	5671	6287
5606	NOR	5672
5607	NOR	5672
5608	NOR	5730	5786
5611	NOR	5673
5612	NOR	5673
5613	NOR	5734	5788
5616	NOR	5676
5617	NOR	5676
5618	NOR	5679	5739
5621	NOR	5679	5738
5624	NOR	5683	5684	5846
5628	NOR	5685
5629	NOR	5685
5630	NOR	5688	5747
5633	NOR	5692	5693	5694
5637	NOR	5697
5638	NOR	5697
5639	NOR	5700	5760
5642	NOR	5700	5759
5645	NOR	5704	5705	5867
5649	NOR	5706
5650	NOR	5706
5651	NOR	5709	5768
5654	NOR	5713	5714	5715
5658	NOR	5718
5659	NOR	5718
5660	NOR	5721	5781
5663	NOR	5721	5780
5666	NOR	5725	5726	6277
5670	NOR	5727
5671	NOR	5727
5672	NOR	6302
5673	NOR	5730	5785
5676	NOR	5734	5787
5679	NOR	5738	5739	5892
5683	NOR	5740
5684	NOR	5740
5685	NOR	5743	5796
5688	NOR	5747	5748	5749
5692	NOR	5752
5693	NOR	5752
5694	NOR	5755	5809
5697	NOR	5755	5808
5700	NOR	5759	5760	5913
5704	NOR	5761
5705	NOR	5761
5706	NOR	5764	5817
5709	NOR	5768	5769	5770
5713	NOR	5773
5714	NOR	5773
5715	NOR	5776	5830
5718	NOR	5776	5829
5721	NOR	5780	5781	6267
5725	NOR	5782
5726	NOR	5782
5727	NOR	6281	6285
5730	NOR	5785	5786	5930
5734	NOR	5787	5788	5935
5738	NOR	5789
5739	NOR	5789
5740	NOR	5792	5844
5743	NOR	5796	5797	5798
5747	NOR	5801
5748	NOR	5801
5749	NOR	5804	5857
5752	NOR	5804	5856
5755	NOR	5808	5809	5956
5759	NOR	5810
5760	NOR	5810
5761	NOR	5813	5865
5764	NOR	5817	5818	5819
5768	NOR	5822
5769	NOR	5822
5770	NOR	5825	5878
5773	NOR	5825	5877
5776	NOR	5829	5830	6257
5780	NOR	5831
5781	NOR	5831
5782	NOR	6271	6275
5785	NOR	5834
5786	NOR	5834
5787	NOR	5837
5788	NOR	5837
5789	NOR	5840	5890
5792	NOR	5844	5845	5846
5796	NOR	5849
5797	NOR	5849
5798	NOR	5852	5903
5801	NOR	5852	5902
5804	NOR	5856	5857	5990
5808	NOR	5858
5809	NOR	5858
5810	NOR	5861	5911
5813	NOR	5865	5866	5867
5817	NOR	5870
5818	NOR	5870
5819	NOR	5873	5924
5822	NOR	5873	5923
5825	NOR	5877	5878	6247
5829	NOR	5879
5830	NOR	5879
5831	NOR	6261	6265
5834	NOR	5882	5928
5837	NOR	5886	5933
5840	NOR	5890	5891	5892
5844	NOR	5895
5845	NOR	5895
5846	NOR	5898	5946
5849	NOR	5898	5945
5852	NOR	5902	5903	6020
5856	NOR	5904
5857	NOR	5904
5858	NOR	5907	5954
5861	NOR	5911	5912	5913
5865	NOR	5916
5866	NOR	5916
5867	NOR	5919	5967
5870	NOR	5919	5966
5873	NOR	5923	5924	6237
5877	NOR	5925
5878	NOR	5925
5879	NOR	6251	6255
5882	NOR	5928	5929	5930
5886	NOR	5933	5934	5935
5890	NOR	5938
5891	NOR	5938
5892	NOR	5941	5980
5895	NOR	5941	5979
5898	NOR	5945	5946	6046
5902	NOR	5947
5903	NOR	5947
5904	NOR	5950	5988
5907	NOR	5954	5955	5956
5911	NOR	5959
5912	NOR	5959
5913	NOR	5962	6001
5916	NOR	5962	6000
5919	NOR	5966	5967	6227
5923	NOR	5968
5924	NOR	5968
5925	NOR	6241	6245
5928	NOR	5971
5929	NOR	5971
5930	NOR	6005	6036
5933	NOR	5972
5934	NOR	5972
5935	NOR	5975	6010
5938	NOR	5975	6009
5941	NOR	5979	5980	6070
5945	NOR	5981
5946	NOR	5981
5947	NOR	5984	6018
5950	NOR	5988	5989	5990
5954	NOR	5993
5955	NOR	5993
5956	NOR	5996	6031
5959	NOR	5996	6030
5962	NOR	6000	6001	6217
5966	NOR	6002
5967	NOR	6002
5968	NOR	6231	6235
5971	NOR	6303
5972	NOR	6005	6035
5975	NOR	6009	6010	6091
5979	NOR	6011
5980	NOR	6011
5981	NOR	6014	6044
5984	NOR	6018	6019	6020
5988	NOR	6023
5989	NOR	6023
5990	NOR	6026	6057
5993	NOR	6026	6056
5996	NOR	6030	6031	6207
6000	NOR	6032
6001	NOR	6032
6002	NOR	6221	6225
6005	NOR	6035	6036	6108
6009	NOR	6037
6010	NOR	6037
6011	NOR	6040	6068
6014	NOR	6044	6045	6046
6018	NOR	6049
6019	NOR	6049
6020	NOR	6052	6081
6023	NOR	6052	6080
6026	NOR	6056	6057	6197
6030	NOR	6058
6031	NOR	6058
6032	NOR	6211	6215
6035	NOR	6061
6036	NOR	6061
6037	NOR	6064	6089
6040	NOR	6068	6069	6070
6044	NOR	6073
6045	NOR	6073
6046	NOR	6076	6102
6049	NOR	6076	6101
6052	NOR	6080	6081	6187
6056	NOR	6082
6057	NOR	6082
6058	NOR	6201	6205
6061	NOR	6085	6106
6064	NOR	6089	6090	6091
6068	NOR	6094
6069	NOR	6094
6070	NOR	6097	6119
6073	NOR	6097	6118
6076	NOR	6101	6102	6177
6080	NOR	6103
6081	NOR	6103
6082	NOR	6191	6195
6085	NOR	6106	6107	6108
6089	NOR	6111
6090	NOR	6111
6091	NOR	6114	6129
6094	NOR	6114	6128
6097	NOR	6118	6119	6167
6101	NOR	6120
6102	NOR	6120
6103	NOR	6181	6185
6106	NOR	6123
6107	NOR	6123
6108	NOR	6124	6134
6111	NOR	6124	6133
6114	NOR	6128	6129	6157
6118	NOR	6130
6119	NOR	6130
6120	NOR	6171	6175
6123	NOR	6304
6124	NOR	6133	6134	6147
6128	NOR	6135
6129	NOR	6135
6130	NOR	6161	6165
6133	NOR	6138
6134	NOR	6138
6135	NOR	6151	6155
6138	NOR	6141	6145
6141	NOT	6145	6146	6147
6145	NOR	6150
6146	NOT	6150
6147	NOR	6151	6156
6150	NOR	6305
6151	NOR	6155	6156	6157
6155	NOR	6160
6156	NOR	6160
6157	NOR	6161	6166
6160	NOR	6306
6161	NOR	6165	6166	6167
6165	NOR	6170
6166	NOR	6170
6167	NOR	6171	6176
6170	NOR	6307
6171	NOR	6175	6176	6177
6175	NOR	6180
6176	NOR	6180
6177	NOR	6181	6186
6180	NOR	6308
6181	NOR	6185	6186	6187
6185	NOR	6190
6186	NOR	6190
6187	NOR	6191	6196
6190	NOR	6309
6191	NOR	6195	6196	6197
6195	NOR	6200
6196	NOR	6200
6197	NOR	6201	6206
6200	NOR	6310
6201	NOR	6205	6206	6207
6205	NOR	6210
6206	NOR	6210
6207	NOR	6211	6216
6210	NOR	6311
6211	NOR	6215	6216	6217
6215	NOR	6220
6216	NOR	6220
6217	NOR	6221	6226
6220	NOR	6312
6221	NOR	6225	6226	6227
6225	NOR	6230
6226	NOR	6230
6227	NOR	6231	6236
6230	NOR	6313
6231	NOR	6235	6236	6237
6235	NOR	6240
6236	NOR	6240
6237	NOR	6241	6246
6240	NOR	6314
6241	NOR	6245	6246	6247
6245	NOR	6250
6246	NOR	6250
6247	NOR	6251	6256
6250	NOR	6315
6251	NOR	6255	6256	6257
6255	NOR	6260
6256	NOR	6260
6257	NOR	6261	6266
6260	NOR	6316
6261	NOR	6265	6266	6267
6265	NOR	6270
6266	NOR	6270
6267	NOR	6271	6276
6270	NOR	6317
6271	NOR	6275	6276	6277
6275	NOR	6280
6276	NOR	6280
6277	NOR	6281	6286
6280	NOR	6318
6281	NOR	6285	6286	6287
6285	NOR	6288
6286	NOR	6288
6287	NOR	6319
6288	NOR	6320
6289	PO
6290	PO
6291	PO
6292	PO
6293	PO
6294	PO
6295	PO
6296	PO
6297	PO
6298	PO
6299	PO
6300	PO
6301	PO
6302	PO
6303	PO
6304	PO
6305	PO
6306	PO
6307	PO
6308	PO
6309	PO
6310	PO
6311	PO
6312	PO
6313	PO
6314	PO
6315	PO
6316	PO
6317	PO
6318	PO
6319	PO
6320	PO
