   1    0 0
   1    0 1
 545    1 1
 546    1 1
 549    1 1
 552    1 1
 555    1 1
 558    1 1
 561    1 1
 564    1 1
 567    1 1
 570    1 1
 573    1 1
 576    1 1
 579    1 1
 582    1 1
 585    1 1
 588    1 1
  18    0 0
  18    0 1
 591   18 1
 594   18 1
 597   18 1
 600   18 1
 603   18 1
 606   18 1
 609   18 1
 612   18 1
 615   18 1
 618   18 1
 621   18 1
 624   18 1
 627   18 1
 630   18 1
 633   18 1
 636   18 1
  35    0 0
  35    0 1
 639   35 1
 642   35 1
 645   35 1
 648   35 1
 651   35 1
 654   35 1
 657   35 1
 660   35 1
 663   35 1
 666   35 1
 669   35 1
 672   35 1
 675   35 1
 678   35 1
 681   35 1
 684   35 1
  52    0 0
  52    0 1
 687   52 1
 690   52 1
 693   52 1
 696   52 1
 699   52 1
 702   52 1
 705   52 1
 708   52 1
 711   52 1
 714   52 1
 717   52 1
 720   52 1
 723   52 1
 726   52 1
 729   52 1
 732   52 1
  69    0 0
  69    0 1
 735   69 1
 738   69 1
 741   69 1
 744   69 1
 747   69 1
 750   69 1
 753   69 1
 756   69 1
 759   69 1
 762   69 1
 765   69 1
 768   69 1
 771   69 1
 774   69 1
 777   69 1
 780   69 1
  86    0 0
  86    0 1
 783   86 1
 786   86 1
 789   86 1
 792   86 1
 795   86 1
 798   86 1
 801   86 1
 804   86 1
 807   86 1
 810   86 1
 813   86 1
 816   86 1
 819   86 1
 822   86 1
 825   86 1
 828   86 1
 103    0 0
 103    0 1
 831  103 1
 834  103 1
 837  103 1
 840  103 1
 843  103 1
 846  103 1
 849  103 1
 852  103 1
 855  103 1
 858  103 1
 861  103 1
 864  103 1
 867  103 1
 870  103 1
 873  103 1
 876  103 1
 120    0 0
 120    0 1
 879  120 1
 882  120 1
 885  120 1
 888  120 1
 891  120 1
 894  120 1
 897  120 1
 900  120 1
 903  120 1
 906  120 1
 909  120 1
 912  120 1
 915  120 1
 918  120 1
 921  120 1
 924  120 1
 137    0 0
 137    0 1
 927  137 1
 930  137 1
 933  137 1
 936  137 1
 939  137 1
 942  137 1
 945  137 1
 948  137 1
 951  137 1
 954  137 1
 957  137 1
 960  137 1
 963  137 1
 966  137 1
 969  137 1
 972  137 1
 154    0 0
 154    0 1
 975  154 1
 978  154 1
 981  154 1
 984  154 1
 987  154 1
 990  154 1
 993  154 1
 996  154 1
 999  154 1
1002  154 1
1005  154 1
1008  154 1
1011  154 1
1014  154 1
1017  154 1
1020  154 1
 171    0 0
 171    0 1
1023  171 1
1026  171 1
1029  171 1
1032  171 1
1035  171 1
1038  171 1
1041  171 1
1044  171 1
1047  171 1
1050  171 1
1053  171 1
1056  171 1
1059  171 1
1062  171 1
1065  171 1
1068  171 1
 188    0 0
 188    0 1
1071  188 1
1074  188 1
1077  188 1
1080  188 1
1083  188 1
1086  188 1
1089  188 1
1092  188 1
1095  188 1
1098  188 1
1101  188 1
1104  188 1
1107  188 1
1110  188 1
1113  188 1
1116  188 1
 205    0 0
 205    0 1
1119  205 1
1122  205 1
1125  205 1
1128  205 1
1131  205 1
1134  205 1
1137  205 1
1140  205 1
1143  205 1
1146  205 1
1149  205 1
1152  205 1
1155  205 1
1158  205 1
1161  205 1
1164  205 1
 222    0 0
 222    0 1
1167  222 1
1170  222 1
1173  222 1
1176  222 1
1179  222 1
1182  222 1
1185  222 1
1188  222 1
1191  222 1
1194  222 1
1197  222 1
1200  222 1
1203  222 1
1206  222 1
1209  222 1
1212  222 1
 239    0 0
 239    0 1
1215  239 1
1218  239 1
1221  239 1
1224  239 1
1227  239 1
1230  239 1
1233  239 1
1236  239 1
1239  239 1
1242  239 1
1245  239 1
1248  239 1
1251  239 1
1254  239 1
1257  239 1
1260  239 1
 256    0 0
 256    0 1
1263  256 1
1266  256 1
1269  256 1
1272  256 1
1275  256 1
1278  256 1
1281  256 1
1284  256 1
1287  256 1
1290  256 1
1293  256 1
1296  256 1
1299  256 1
1302  256 1
1305  256 1
1308  256 1
 273    0 0
 273    0 1
 545  273 1
 591  273 1
 639  273 1
 687  273 1
 735  273 1
 783  273 1
 831  273 1
 879  273 1
 927  273 1
 975  273 1
1023  273 1
1071  273 1
1119  273 1
1167  273 1
1215  273 1
1263  273 1
 290    0 0
 290    0 1
 546  290 1
 594  290 1
 642  290 1
 690  290 1
 738  290 1
 786  290 1
 834  290 1
 882  290 1
 930  290 1
 978  290 1
1026  290 1
1074  290 1
1122  290 1
1170  290 1
1218  290 1
1266  290 1
 307    0 0
 307    0 1
 549  307 1
 597  307 1
 645  307 1
 693  307 1
 741  307 1
 789  307 1
 837  307 1
 885  307 1
 933  307 1
 981  307 1
1029  307 1
1077  307 1
1125  307 1
1173  307 1
1221  307 1
1269  307 1
 324    0 0
 324    0 1
 552  324 1
 600  324 1
 648  324 1
 696  324 1
 744  324 1
 792  324 1
 840  324 1
 888  324 1
 936  324 1
 984  324 1
1032  324 1
1080  324 1
1128  324 1
1176  324 1
1224  324 1
1272  324 1
 341    0 0
 341    0 1
 555  341 1
 603  341 1
 651  341 1
 699  341 1
 747  341 1
 795  341 1
 843  341 1
 891  341 1
 939  341 1
 987  341 1
1035  341 1
1083  341 1
1131  341 1
1179  341 1
1227  341 1
1275  341 1
 358    0 0
 358    0 1
 558  358 1
 606  358 1
 654  358 1
 702  358 1
 750  358 1
 798  358 1
 846  358 1
 894  358 1
 942  358 1
 990  358 1
1038  358 1
1086  358 1
1134  358 1
1182  358 1
1230  358 1
1278  358 1
 375    0 0
 375    0 1
 561  375 1
 609  375 1
 657  375 1
 705  375 1
 753  375 1
 801  375 1
 849  375 1
 897  375 1
 945  375 1
 993  375 1
1041  375 1
1089  375 1
1137  375 1
1185  375 1
1233  375 1
1281  375 1
 392    0 0
 392    0 1
 564  392 1
 612  392 1
 660  392 1
 708  392 1
 756  392 1
 804  392 1
 852  392 1
 900  392 1
 948  392 1
 996  392 1
1044  392 1
1092  392 1
1140  392 1
1188  392 1
1236  392 1
1284  392 1
 409    0 0
 409    0 1
 567  409 1
 615  409 1
 663  409 1
 711  409 1
 759  409 1
 807  409 1
 855  409 1
 903  409 1
 951  409 1
 999  409 1
1047  409 1
1095  409 1
1143  409 1
1191  409 1
1239  409 1
1287  409 1
 426    0 0
 426    0 1
 570  426 1
 618  426 1
 666  426 1
 714  426 1
 762  426 1
 810  426 1
 858  426 1
 906  426 1
 954  426 1
1002  426 1
1050  426 1
1098  426 1
1146  426 1
1194  426 1
1242  426 1
1290  426 1
 443    0 0
 443    0 1
 573  443 1
 621  443 1
 669  443 1
 717  443 1
 765  443 1
 813  443 1
 861  443 1
 909  443 1
 957  443 1
1005  443 1
1053  443 1
1101  443 1
1149  443 1
1197  443 1
1245  443 1
1293  443 1
 460    0 0
 460    0 1
 576  460 1
 624  460 1
 672  460 1
 720  460 1
 768  460 1
 816  460 1
 864  460 1
 912  460 1
 960  460 1
1008  460 1
1056  460 1
1104  460 1
1152  460 1
1200  460 1
1248  460 1
1296  460 1
 477    0 0
 477    0 1
 579  477 1
 627  477 1
 675  477 1
 723  477 1
 771  477 1
 819  477 1
 867  477 1
 915  477 1
 963  477 1
1011  477 1
1059  477 1
1107  477 1
1155  477 1
1203  477 1
1251  477 1
1299  477 1
 494    0 0
 494    0 1
 582  494 1
 630  494 1
 678  494 1
 726  494 1
 774  494 1
 822  494 1
 870  494 1
 918  494 1
 966  494 1
1014  494 1
1062  494 1
1110  494 1
1158  494 1
1206  494 1
1254  494 1
1302  494 1
 511    0 0
 511    0 1
 585  511 1
 633  511 1
 681  511 1
 729  511 1
 777  511 1
 825  511 1
 873  511 1
 921  511 1
 969  511 1
1017  511 1
1065  511 1
1113  511 1
1161  511 1
1209  511 1
1257  511 1
1305  511 1
 528    0 0
 528    0 1
 588  528 1
 636  528 1
 684  528 1
 732  528 1
 780  528 1
 828  528 1
 876  528 1
 924  528 1
 972  528 1
1020  528 1
1068  528 1
1116  528 1
1164  528 1
1212  528 1
1260  528 1
1308  528 1
 545    0 0
 545    0 1
 546    0 0
 546    0 1
1507  546 0
1446  546 0
 549    0 0
 549    0 1
1825  549 0
1763  549 0
 552    0 0
 552    0 1
2150  552 0
2085  552 0
 555    0 0
 555    0 1
2477  555 0
2414  555 0
 558    0 0
 558    0 1
2807  558 0
2745  558 0
 561    0 0
 561    0 1
3141  561 0
3079  561 0
 564    0 0
 564    0 1
3480  564 0
3417  564 0
 567    0 0
 567    0 1
3826  567 0
3760  567 0
 570    0 0
 570    0 1
4174  570 0
4110  570 0
 573    0 0
 573    0 1
4525  573 0
4462  573 0
 576    0 0
 576    0 1
4880  576 0
4817  576 0
 579    0 0
 579    0 1
5240  579 0
5176  579 0
 582    0 0
 582    0 1
5607  582 0
5540  582 0
 585    0 0
 585    0 1
5929  585 0
5882  585 0
 588    0 0
 588    0 1
6107  588 0
6085  588 0
 591    0 0
 591    0 1
1371  591 0
 594    0 0
 594    0 1
1512  594 0
1450  594 0
 597    0 0
 597    0 1
1830  597 0
1767  597 0
 600    0 0
 600    0 1
2155  600 0
2089  600 0
 603    0 0
 603    0 1
2482  603 0
2418  603 0
 606    0 0
 606    0 1
2812  606 0
2749  606 0
 609    0 0
 609    0 1
3146  609 0
3083  609 0
 612    0 0
 612    0 1
3485  612 0
3421  612 0
 615    0 0
 615    0 1
3831  615 0
3764  615 0
 618    0 0
 618    0 1
4179  618 0
4114  618 0
 621    0 0
 621    0 1
4530  621 0
4466  621 0
 624    0 0
 624    0 1
4885  624 0
4821  624 0
 627    0 0
 627    0 1
5245  627 0
5180  627 0
 630    0 0
 630    0 1
5612  630 0
5544  630 0
 633    0 0
 633    0 1
5934  633 0
5886  633 0
 636    0 0
 636    0 1
6090  636 0
6064  636 0
 639    0 0
 639    0 1
1373  639 0
 642    0 0
 642    0 1
1517  642 0
1454  642 0
 645    0 0
 645    0 1
1835  645 0
1771  645 0
 648    0 0
 648    0 1
2160  648 0
2093  648 0
 651    0 0
 651    0 1
2487  651 0
2422  651 0
 654    0 0
 654    0 1
2817  654 0
2753  654 0
 657    0 0
 657    0 1
3151  657 0
3087  657 0
 660    0 0
 660    0 1
3490  660 0
3425  660 0
 663    0 0
 663    0 1
3836  663 0
3768  663 0
 666    0 0
 666    0 1
4184  666 0
4118  666 0
 669    0 0
 669    0 1
4535  669 0
4470  669 0
 672    0 0
 672    0 1
4890  672 0
4825  672 0
 675    0 0
 675    0 1
5250  675 0
5184  675 0
 678    0 0
 678    0 1
5617  678 0
5548  678 0
 681    0 0
 681    0 1
5891  681 0
5840  681 0
 684    0 0
 684    0 1
6069  684 0
6040  684 0
 687    0 0
 687    0 1
1375  687 0
 690    0 0
 690    0 1
1522  690 0
1458  690 0
 693    0 0
 693    0 1
1840  693 0
1775  693 0
 696    0 0
 696    0 1
2165  696 0
2097  696 0
 699    0 0
 699    0 1
2492  699 0
2426  699 0
 702    0 0
 702    0 1
2822  702 0
2757  702 0
 705    0 0
 705    0 1
3156  705 0
3091  705 0
 708    0 0
 708    0 1
3495  708 0
3429  708 0
 711    0 0
 711    0 1
3841  711 0
3772  711 0
 714    0 0
 714    0 1
4189  714 0
4122  714 0
 717    0 0
 717    0 1
4540  717 0
4474  717 0
 720    0 0
 720    0 1
4895  720 0
4829  720 0
 723    0 0
 723    0 1
5255  723 0
5188  723 0
 726    0 0
 726    0 1
5553  726 0
5489  726 0
 729    0 0
 729    0 1
5845  729 0
5792  729 0
 732    0 0
 732    0 1
6045  732 0
6014  732 0
 735    0 0
 735    0 1
1377  735 0
 738    0 0
 738    0 1
1527  738 0
1462  738 0
 741    0 0
 741    0 1
1845  741 0
1779  741 0
 744    0 0
 744    0 1
2170  744 0
2101  744 0
 747    0 0
 747    0 1
2497  747 0
2430  747 0
 750    0 0
 750    0 1
2827  750 0
2761  750 0
 753    0 0
 753    0 1
3161  753 0
3095  753 0
 756    0 0
 756    0 1
3500  756 0
3433  756 0
 759    0 0
 759    0 1
3846  759 0
3776  759 0
 762    0 0
 762    0 1
4194  762 0
4126  762 0
 765    0 0
 765    0 1
4545  765 0
4478  765 0
 768    0 0
 768    0 1
4900  768 0
4833  768 0
 771    0 0
 771    0 1
5193  771 0
5130  771 0
 774    0 0
 774    0 1
5494  774 0
5434  774 0
 777    0 0
 777    0 1
5797  777 0
5743  777 0
 780    0 0
 780    0 1
6019  780 0
5984  780 0
 783    0 0
 783    0 1
1379  783 0
 786    0 0
 786    0 1
1532  786 0
1466  786 0
 789    0 0
 789    0 1
1850  789 0
1783  789 0
 792    0 0
 792    0 1
2175  792 0
2105  792 0
 795    0 0
 795    0 1
2502  795 0
2434  795 0
 798    0 0
 798    0 1
2832  798 0
2765  798 0
 801    0 0
 801    0 1
3166  801 0
3099  801 0
 804    0 0
 804    0 1
3505  804 0
3437  804 0
 807    0 0
 807    0 1
3851  807 0
3780  807 0
 810    0 0
 810    0 1
4199  810 0
4130  810 0
 813    0 0
 813    0 1
4550  813 0
4482  813 0
 816    0 0
 816    0 1
4838  816 0
4775  816 0
 819    0 0
 819    0 1
5135  819 0
5076  819 0
 822    0 0
 822    0 1
5439  822 0
5383  822 0
 825    0 0
 825    0 1
5748  825 0
5688  825 0
 828    0 0
 828    0 1
5989  828 0
5950  828 0
 831    0 0
 831    0 1
1381  831 0
 834    0 0
 834    0 1
1537  834 0
1470  834 0
 837    0 0
 837    0 1
1855  837 0
1787  837 0
 840    0 0
 840    0 1
2180  840 0
2109  840 0
 843    0 0
 843    0 1
2507  843 0
2438  843 0
 846    0 0
 846    0 1
2837  846 0
2769  846 0
 849    0 0
 849    0 1
3171  849 0
3103  849 0
 852    0 0
 852    0 1
3510  852 0
3441  852 0
 855    0 0
 855    0 1
3856  855 0
3784  855 0
 858    0 0
 858    0 1
4204  858 0
4134  858 0
 861    0 0
 861    0 1
4487  861 0
4423  861 0
 864    0 0
 864    0 1
4780  864 0
4721  864 0
 867    0 0
 867    0 1
5081  867 0
5026  867 0
 870    0 0
 870    0 1
5388  870 0
5327  870 0
 873    0 0
 873    0 1
5693  873 0
5633  873 0
 876    0 0
 876    0 1
5955  876 0
5907  876 0
 879    0 0
 879    0 1
1383  879 0
 882    0 0
 882    0 1
1542  882 0
1474  882 0
 885    0 0
 885    0 1
1860  885 0
1791  885 0
 888    0 0
 888    0 1
2185  888 0
2113  888 0
 891    0 0
 891    0 1
2512  891 0
2442  891 0
 894    0 0
 894    0 1
2842  894 0
2773  894 0
 897    0 0
 897    0 1
3176  897 0
3107  897 0
 900    0 0
 900    0 1
3515  900 0
3445  900 0
 903    0 0
 903    0 1
3861  903 0
3788  903 0
 906    0 0
 906    0 1
4139  906 0
4073  906 0
 909    0 0
 909    0 1
4428  909 0
4368  909 0
 912    0 0
 912    0 1
4726  912 0
4671  912 0
 915    0 0
 915    0 1
5031  915 0
4968  915 0
 918    0 0
 918    0 1
5332  918 0
5271  918 0
 921    0 0
 921    0 1
5638  921 0
5569  921 0
 924    0 0
 924    0 1
5912  924 0
5861  924 0
 927    0 0
 927    0 1
1385  927 0
 930    0 0
 930    0 1
1547  930 0
1478  930 0
 933    0 0
 933    0 1
1865  933 0
1795  933 0
 936    0 0
 936    0 1
2190  936 0
2117  936 0
 939    0 0
 939    0 1
2517  939 0
2446  939 0
 942    0 0
 942    0 1
2847  942 0
2777  942 0
 945    0 0
 945    0 1
3181  945 0
3111  945 0
 948    0 0
 948    0 1
3520  948 0
3449  948 0
 951    0 0
 951    0 1
3793  951 0
3730  951 0
 954    0 0
 954    0 1
4078  954 0
4022  954 0
 957    0 0
 957    0 1
4373  957 0
4323  957 0
 960    0 0
 960    0 1
4676  960 0
4616  960 0
 963    0 0
 963    0 1
4973  963 0
4916  963 0
 966    0 0
 966    0 1
5276  966 0
5209  966 0
 969    0 0
 969    0 1
5574  969 0
5510  969 0
 972    0 0
 972    0 1
5866  972 0
5813  972 0
 975    0 0
 975    0 1
1387  975 0
 978    0 0
 978    0 1
1552  978 0
1482  978 0
 981    0 0
 981    0 1
1870  981 0
1799  981 0
 984    0 0
 984    0 1
2195  984 0
2121  984 0
 987    0 0
 987    0 1
2522  987 0
2450  987 0
 990    0 0
 990    0 1
2852  990 0
2781  990 0
 993    0 0
 993    0 1
3186  993 0
3115  993 0
 996    0 0
 996    0 1
3454  996 0
3392  996 0
 999    0 0
 999    0 1
3735  999 0
3681  999 0
1002    0 0
1002    0 1
4027 1002 0
3980 1002 0
1005    0 0
1005    0 1
4328 1005 0
4269 1005 0
1008    0 0
1008    0 1
4621 1008 0
4566 1008 0
1011    0 0
1011    0 1
4921 1011 0
4854 1011 0
1014    0 0
1014    0 1
5214 1014 0
5151 1014 0
1017    0 0
1017    0 1
5515 1017 0
5455 1017 0
1020    0 0
1020    0 1
5818 1020 0
5764 1020 0
1023    0 0
1023    0 1
1389 1023 0
1026    0 0
1026    0 1
1557 1026 0
1486 1026 0
1029    0 0
1029    0 1
1875 1029 0
1803 1029 0
1032    0 0
1032    0 1
2200 1032 0
2125 1032 0
1035    0 0
1035    0 1
2527 1035 0
2454 1035 0
1038    0 0
1038    0 1
2857 1038 0
2785 1038 0
1041    0 0
1041    0 1
3120 1041 0
3058 1041 0
1044    0 0
1044    0 1
3397 1044 0
3344 1044 0
1047    0 0
1047    0 1
3686 1047 0
3641 1047 0
1050    0 0
1050    0 1
3985 1050 0
3926 1050 0
1053    0 0
1053    0 1
4274 1053 0
4220 1053 0
1056    0 0
1056    0 1
4571 1056 0
4503 1056 0
1059    0 0
1059    0 1
4859 1059 0
4796 1059 0
1062    0 0
1062    0 1
5156 1062 0
5097 1062 0
1065    0 0
1065    0 1
5460 1065 0
5404 1065 0
1068    0 0
1068    0 1
5769 1068 0
5709 1068 0
1071    0 0
1071    0 1
1391 1071 0
1074    0 0
1074    0 1
1562 1074 0
1490 1074 0
1077    0 0
1077    0 1
1880 1077 0
1807 1077 0
1080    0 0
1080    0 1
2205 1080 0
2129 1080 0
1083    0 0
1083    0 1
2532 1083 0
2458 1083 0
1086    0 0
1086    0 1
2790 1086 0
2727 1086 0
1089    0 0
1089    0 1
3063 1089 0
3010 1089 0
1092    0 0
1092    0 1
3349 1092 0
3305 1092 0
1095    0 0
1095    0 1
3646 1095 0
3586 1095 0
1098    0 0
1098    0 1
3931 1098 0
3877 1098 0
1101    0 0
1101    0 1
4225 1101 0
4155 1101 0
1104    0 0
1104    0 1
4508 1104 0
4444 1104 0
1107    0 0
1107    0 1
4801 1107 0
4742 1107 0
1110    0 0
1110    0 1
5102 1110 0
5047 1110 0
1113    0 0
1113    0 1
5409 1113 0
5348 1113 0
1116    0 0
1116    0 1
5714 1116 0
5654 1116 0
1119    0 0
1119    0 1
1393 1119 0
1122    0 0
1122    0 1
1567 1122 0
1494 1122 0
1125    0 0
1125    0 1
1885 1125 0
1811 1125 0
1128    0 0
1128    0 1
2210 1128 0
2133 1128 0
1131    0 0
1131    0 1
2463 1131 0
2398 1131 0
1134    0 0
1134    0 1
2732 1134 0
2678 1134 0
1137    0 0
1137    0 1
3015 1137 0
2971 1137 0
1140    0 0
1140    0 1
3310 1140 0
3248 1140 0
1143    0 0
1143    0 1
3591 1143 0
3536 1143 0
1146    0 0
1146    0 1
3882 1146 0
3809 1146 0
1149    0 0
1149    0 1
4160 1149 0
4094 1149 0
1152    0 0
1152    0 1
4449 1152 0
4389 1152 0
1155    0 0
1155    0 1
4747 1155 0
4692 1155 0
1158    0 0
1158    0 1
5052 1158 0
4989 1158 0
1161    0 0
1161    0 1
5353 1161 0
5292 1161 0
1164    0 0
1164    0 1
5659 1164 0
5590 1164 0
1167    0 0
1167    0 1
1395 1167 0
1170    0 0
1170    0 1
1572 1170 0
1498 1170 0
1173    0 0
1173    0 1
1890 1173 0
1815 1173 0
1176    0 0
1176    0 1
2138 1176 0
2076 1176 0
1179    0 0
1179    0 1
2403 1179 0
2353 1179 0
1182    0 0
1182    0 1
2683 1182 0
2644 1182 0
1185    0 0
1185    0 1
2976 1185 0
2917 1185 0
1188    0 0
1188    0 1
3253 1188 0
3202 1188 0
1191    0 0
1191    0 1
3541 1191 0
3470 1191 0
1194    0 0
1194    0 1
3814 1194 0
3751 1194 0
1197    0 0
1197    0 1
4099 1197 0
4043 1197 0
1200    0 0
1200    0 1
4394 1200 0
4344 1200 0
1203    0 0
1203    0 1
4697 1203 0
4637 1203 0
1206    0 0
1206    0 1
4994 1206 0
4937 1206 0
1209    0 0
1209    0 1
5297 1209 0
5230 1209 0
1212    0 0
1212    0 1
5595 1212 0
5531 1212 0
1215    0 0
1215    0 1
1397 1215 0
1218    0 0
1218    0 1
1577 1218 0
1502 1218 0
1221    0 0
1221    0 1
1820 1221 0
1759 1221 0
1224    0 0
1224    0 1
2081 1224 0
2033 1224 0
1227    0 0
1227    0 1
2358 1227 0
2322 1227 0
1230    0 0
1230    0 1
2649 1230 0
2591 1230 0
1233    0 0
1233    0 1
2922 1233 0
2873 1233 0
1236    0 0
1236    0 1
3207 1236 0
3136 1236 0
1239    0 0
1239    0 1
3475 1239 0
3413 1239 0
1242    0 0
1242    0 1
3756 1242 0
3702 1242 0
1245    0 0
1245    0 1
4048 1245 0
4001 1245 0
1248    0 0
1248    0 1
4349 1248 0
4290 1248 0
1251    0 0
1251    0 1
4642 1251 0
4587 1251 0
1254    0 0
1254    0 1
4942 1254 0
4875 1254 0
1257    0 0
1257    0 1
5235 1257 0
5172 1257 0
1260    0 0
1260    0 1
5536 1260 0
5476 1260 0
1263    0 0
1263    0 1
1399 1263 0
1266    0 0
1266    0 1
1624 1266 0
1684 1266 0
1269    0 0
1269    0 1
1897 1269 0
1945 1269 0
1272    0 0
1272    0 1
2145 1272 0
2221 1272 0
1275    0 0
1275    0 1
2410 1275 0
2474 1275 0
1278    0 0
1278    0 1
2690 1278 0
2743 1278 0
1281    0 0
1281    0 1
2983 1281 0
3026 1281 0
1284    0 0
1284    0 1
3260 1284 0
3321 1284 0
1287    0 0
1287    0 1
3548 1287 0
3602 1287 0
1290    0 0
1290    0 1
3821 1290 0
3893 1290 0
1293    0 0
1293    0 1
4106 1293 0
4171 1293 0
1296    0 0
1296    0 1
4401 1296 0
4460 1296 0
1299    0 0
1299    0 1
4704 1299 0
4758 1299 0
1302    0 0
1302    0 1
5001 1302 0
5063 1302 0
1305    0 0
1305    0 1
5304 1305 0
5364 1305 0
1308    0 0
1308    0 1
5602 1308 0
5670 1308 0
1311    0 0
1311    0 1
1508 1311 0
1371 1311 0
1315    0 0
1315    0 1
1513 1315 0
1373 1315 0
1319    0 0
1319    0 1
1518 1319 0
1375 1319 0
1323    0 0
1323    0 1
1523 1323 0
1377 1323 0
1327    0 0
1327    0 1
1528 1327 0
1379 1327 0
1331    0 0
1331    0 1
1533 1331 0
1381 1331 0
1335    0 0
1335    0 1
1538 1335 0
1383 1335 0
1339    0 0
1339    0 1
1543 1339 0
1385 1339 0
1343    0 0
1343    0 1
1548 1343 0
1387 1343 0
1347    0 0
1347    0 1
1553 1347 0
1389 1347 0
1351    0 0
1351    0 1
1558 1351 0
1391 1351 0
1355    0 0
1355    0 1
1563 1355 0
1393 1355 0
1359    0 0
1359    0 1
1568 1359 0
1395 1359 0
1363    0 0
1363    0 1
1573 1363 0
1397 1363 0
1367    0 0
1367    0 1
1578 1367 0
1399 1367 0
1371    0 0
1372    0 0
1373    0 0
1374    0 0
1375    0 0
1376    0 0
1377    0 0
1378    0 0
1379    0 0
1380    0 0
1381    0 0
1382    0 0
1383    0 0
1384    0 0
1385    0 0
1386    0 0
1387    0 0
1388    0 0
1389    0 0
1390    0 0
1391    0 0
1392    0 0
1393    0 0
1394    0 0
1395    0 0
1396    0 0
1397    0 0
1398    0 0
1399    0 0
1400    0 0
1401    0 0
1401    0 1
1506 1401 0
1446 1401 0
1404    0 0
1404    0 1
1511 1404 0
1450 1404 0
1407    0 0
1407    0 1
1516 1407 0
1454 1407 0
1410    0 0
1410    0 1
1521 1410 0
1458 1410 0
1413    0 0
1413    0 1
1526 1413 0
1462 1413 0
1416    0 0
1416    0 1
1531 1416 0
1466 1416 0
1419    0 0
1419    0 1
1536 1419 0
1470 1419 0
1422    0 0
1422    0 1
1541 1422 0
1474 1422 0
1425    0 0
1425    0 1
1546 1425 0
1478 1425 0
1428    0 0
1428    0 1
1551 1428 0
1482 1428 0
1431    0 0
1431    0 1
1556 1431 0
1486 1431 0
1434    0 0
1434    0 1
1561 1434 0
1490 1434 0
1437    0 0
1437    0 1
1566 1437 0
1494 1437 0
1440    0 0
1440    0 1
1571 1440 0
1498 1440 0
1443    0 0
1443    0 1
1576 1443 0
1502 1443 0
1446    0 0
1446    0 1
1506 1446 0
1507 1446 0
1508 1446 0
1450    0 0
1450    0 1
1511 1450 0
1512 1450 0
1513 1450 0
1454    0 0
1454    0 1
1516 1454 0
1517 1454 0
1518 1454 0
1458    0 0
1458    0 1
1521 1458 0
1522 1458 0
1523 1458 0
1462    0 0
1462    0 1
1526 1462 0
1527 1462 0
1528 1462 0
1466    0 0
1466    0 1
1531 1466 0
1532 1466 0
1533 1466 0
1470    0 0
1470    0 1
1536 1470 0
1537 1470 0
1538 1470 0
1474    0 0
1474    0 1
1541 1474 0
1542 1474 0
1543 1474 0
1478    0 0
1478    0 1
1546 1478 0
1547 1478 0
1548 1478 0
1482    0 0
1482    0 1
1551 1482 0
1552 1482 0
1553 1482 0
1486    0 0
1486    0 1
1556 1486 0
1557 1486 0
1558 1486 0
1490    0 0
1490    0 1
1561 1490 0
1562 1490 0
1563 1490 0
1494    0 0
1494    0 1
1566 1494 0
1567 1494 0
1568 1494 0
1498    0 0
1498    0 1
1571 1498 0
1572 1498 0
1573 1498 0
1502    0 0
1502    0 1
1576 1502 0
1577 1502 0
1578 1502 0
1506    0 0
1507    0 0
1508    0 0
1508    0 1
1628 1508 0
1687 1508 0
1511    0 0
1512    0 0
1513    0 0
1513    0 1
1632 1513 0
1689 1513 0
1516    0 0
1517    0 0
1518    0 0
1518    0 1
1636 1518 0
1691 1518 0
1521    0 0
1522    0 0
1523    0 0
1523    0 1
1640 1523 0
1693 1523 0
1526    0 0
1527    0 0
1528    0 0
1528    0 1
1644 1528 0
1695 1528 0
1531    0 0
1532    0 0
1533    0 0
1533    0 1
1648 1533 0
1697 1533 0
1536    0 0
1537    0 0
1538    0 0
1538    0 1
1652 1538 0
1699 1538 0
1541    0 0
1542    0 0
1543    0 0
1543    0 1
1656 1543 0
1701 1543 0
1546    0 0
1547    0 0
1548    0 0
1548    0 1
1660 1548 0
1703 1548 0
1551    0 0
1552    0 0
1553    0 0
1553    0 1
1664 1553 0
1705 1553 0
1556    0 0
1557    0 0
1558    0 0
1558    0 1
1668 1558 0
1707 1558 0
1561    0 0
1562    0 0
1563    0 0
1563    0 1
1672 1563 0
1709 1563 0
1566    0 0
1567    0 0
1568    0 0
1568    0 1
1676 1568 0
1711 1568 0
1571    0 0
1572    0 0
1573    0 0
1573    0 1
1680 1573 0
1713 1573 0
1576    0 0
1577    0 0
1578    0 0
1578    0 1
1624 1578 0
1685 1578 0
1581    0 0
1581    0 1
1582    0 0
1582    0 1
1628 1582 0
1686 1582 0
1585    0 0
1585    0 1
1632 1585 0
1688 1585 0
1588    0 0
1588    0 1
1636 1588 0
1690 1588 0
1591    0 0
1591    0 1
1640 1591 0
1692 1591 0
1594    0 0
1594    0 1
1644 1594 0
1694 1594 0
1597    0 0
1597    0 1
1648 1597 0
1696 1597 0
1600    0 0
1600    0 1
1652 1600 0
1698 1600 0
1603    0 0
1603    0 1
1656 1603 0
1700 1603 0
1606    0 0
1606    0 1
1660 1606 0
1702 1606 0
1609    0 0
1609    0 1
1664 1609 0
1704 1609 0
1612    0 0
1612    0 1
1668 1612 0
1706 1612 0
1615    0 0
1615    0 1
1672 1615 0
1708 1615 0
1618    0 0
1618    0 1
1676 1618 0
1710 1618 0
1621    0 0
1621    0 1
1680 1621 0
1712 1621 0
1624    0 0
1624    0 1
1821 1624 0
1684 1624 0
1685 1624 0
1628    0 0
1628    0 1
1826 1628 0
1686 1628 0
1687 1628 0
1632    0 0
1632    0 1
1831 1632 0
1688 1632 0
1689 1632 0
1636    0 0
1636    0 1
1836 1636 0
1690 1636 0
1691 1636 0
1640    0 0
1640    0 1
1841 1640 0
1692 1640 0
1693 1640 0
1644    0 0
1644    0 1
1846 1644 0
1694 1644 0
1695 1644 0
1648    0 0
1648    0 1
1851 1648 0
1696 1648 0
1697 1648 0
1652    0 0
1652    0 1
1856 1652 0
1698 1652 0
1699 1652 0
1656    0 0
1656    0 1
1861 1656 0
1700 1656 0
1701 1656 0
1660    0 0
1660    0 1
1866 1660 0
1702 1660 0
1703 1660 0
1664    0 0
1664    0 1
1871 1664 0
1704 1664 0
1705 1664 0
1668    0 0
1668    0 1
1876 1668 0
1706 1668 0
1707 1668 0
1672    0 0
1672    0 1
1881 1672 0
1708 1672 0
1709 1672 0
1676    0 0
1676    0 1
1886 1676 0
1710 1676 0
1711 1676 0
1680    0 0
1680    0 1
1891 1680 0
1712 1680 0
1713 1680 0
1684    0 0
1685    0 0
1686    0 0
1687    0 0
1688    0 0
1689    0 0
1690    0 0
1691    0 0
1692    0 0
1693    0 0
1694    0 0
1695    0 0
1696    0 0
1697    0 0
1698    0 0
1699    0 0
1700    0 0
1701    0 0
1702    0 0
1703    0 0
1704    0 0
1705    0 0
1706    0 0
1707    0 0
1708    0 0
1709    0 0
1710    0 0
1711    0 0
1712    0 0
1713    0 0
1714    0 0
1714    0 1
1819 1714 0
1759 1714 0
1717    0 0
1717    0 1
1824 1717 0
1763 1717 0
1720    0 0
1720    0 1
1829 1720 0
1767 1720 0
1723    0 0
1723    0 1
1834 1723 0
1771 1723 0
1726    0 0
1726    0 1
1839 1726 0
1775 1726 0
1729    0 0
1729    0 1
1844 1729 0
1779 1729 0
1732    0 0
1732    0 1
1849 1732 0
1783 1732 0
1735    0 0
1735    0 1
1854 1735 0
1787 1735 0
1738    0 0
1738    0 1
1859 1738 0
1791 1738 0
1741    0 0
1741    0 1
1864 1741 0
1795 1741 0
1744    0 0
1744    0 1
1869 1744 0
1799 1744 0
1747    0 0
1747    0 1
1874 1747 0
1803 1747 0
1750    0 0
1750    0 1
1879 1750 0
1807 1750 0
1753    0 0
1753    0 1
1884 1753 0
1811 1753 0
1756    0 0
1756    0 1
1889 1756 0
1815 1756 0
1759    0 0
1759    0 1
1819 1759 0
1820 1759 0
1821 1759 0
1763    0 0
1763    0 1
1824 1763 0
1825 1763 0
1826 1763 0
1767    0 0
1767    0 1
1829 1767 0
1830 1767 0
1831 1767 0
1771    0 0
1771    0 1
1834 1771 0
1835 1771 0
1836 1771 0
1775    0 0
1775    0 1
1839 1775 0
1840 1775 0
1841 1775 0
1779    0 0
1779    0 1
1844 1779 0
1845 1779 0
1846 1779 0
1783    0 0
1783    0 1
1849 1783 0
1850 1783 0
1851 1783 0
1787    0 0
1787    0 1
1854 1787 0
1855 1787 0
1856 1787 0
1791    0 0
1791    0 1
1859 1791 0
1860 1791 0
1861 1791 0
1795    0 0
1795    0 1
1864 1795 0
1865 1795 0
1866 1795 0
1799    0 0
1799    0 1
1869 1799 0
1870 1799 0
1871 1799 0
1803    0 0
1803    0 1
1874 1803 0
1875 1803 0
1876 1803 0
1807    0 0
1807    0 1
1879 1807 0
1880 1807 0
1881 1807 0
1811    0 0
1811    0 1
1884 1811 0
1885 1811 0
1886 1811 0
1815    0 0
1815    0 1
1889 1815 0
1890 1815 0
1891 1815 0
1819    0 0
1820    0 0
1821    0 0
1821    0 1
1897 1821 0
1946 1821 0
1824    0 0
1825    0 0
1826    0 0
1826    0 1
1947 1826 0
2005 1826 0
1829    0 0
1830    0 0
1831    0 0
1831    0 1
1951 1831 0
2007 1831 0
1834    0 0
1835    0 0
1836    0 0
1836    0 1
1955 1836 0
2009 1836 0
1839    0 0
1840    0 0
1841    0 0
1841    0 1
1959 1841 0
2011 1841 0
1844    0 0
1845    0 0
1846    0 0
1846    0 1
1963 1846 0
2013 1846 0
1849    0 0
1850    0 0
1851    0 0
1851    0 1
1967 1851 0
2015 1851 0
1854    0 0
1855    0 0
1856    0 0
1856    0 1
1971 1856 0
2017 1856 0
1859    0 0
1860    0 0
1861    0 0
1861    0 1
1975 1861 0
2019 1861 0
1864    0 0
1865    0 0
1866    0 0
1866    0 1
1979 1866 0
2021 1866 0
1869    0 0
1870    0 0
1871    0 0
1871    0 1
1983 1871 0
2023 1871 0
1874    0 0
1875    0 0
1876    0 0
1876    0 1
1987 1876 0
2025 1876 0
1879    0 0
1880    0 0
1881    0 0
1881    0 1
1991 1881 0
2027 1881 0
1884    0 0
1885    0 0
1886    0 0
1886    0 1
1995 1886 0
2029 1886 0
1889    0 0
1890    0 0
1891    0 0
1891    0 1
1941 1891 0
2000 1891 0
1894    0 0
1894    0 1
1941 1894 0
1999 1894 0
1897    0 0
1897    0 1
2082 1897 0
1945 1897 0
1946 1897 0
1901    0 0
1901    0 1
1902    0 0
1902    0 1
1947 1902 0
2004 1902 0
1905    0 0
1905    0 1
1951 1905 0
2006 1905 0
1908    0 0
1908    0 1
1955 1908 0
2008 1908 0
1911    0 0
1911    0 1
1959 1911 0
2010 1911 0
1914    0 0
1914    0 1
1963 1914 0
2012 1914 0
1917    0 0
1917    0 1
1967 1917 0
2014 1917 0
1920    0 0
1920    0 1
1971 1920 0
2016 1920 0
1923    0 0
1923    0 1
1975 1923 0
2018 1923 0
1926    0 0
1926    0 1
1979 1926 0
2020 1926 0
1929    0 0
1929    0 1
1983 1929 0
2022 1929 0
1932    0 0
1932    0 1
1987 1932 0
2024 1932 0
1935    0 0
1935    0 1
1991 1935 0
2026 1935 0
1938    0 0
1938    0 1
1995 1938 0
2028 1938 0
1941    0 0
1941    0 1
2139 1941 0
1999 1941 0
2000 1941 0
1945    0 0
1946    0 0
1947    0 0
1947    0 1
2151 1947 0
2004 1947 0
2005 1947 0
1951    0 0
1951    0 1
2156 1951 0
2006 1951 0
2007 1951 0
1955    0 0
1955    0 1
2161 1955 0
2008 1955 0
2009 1955 0
1959    0 0
1959    0 1
2166 1959 0
2010 1959 0
2011 1959 0
1963    0 0
1963    0 1
2171 1963 0
2012 1963 0
2013 1963 0
1967    0 0
1967    0 1
2176 1967 0
2014 1967 0
2015 1967 0
1971    0 0
1971    0 1
2181 1971 0
2016 1971 0
2017 1971 0
1975    0 0
1975    0 1
2186 1975 0
2018 1975 0
2019 1975 0
1979    0 0
1979    0 1
2191 1979 0
2020 1979 0
2021 1979 0
1983    0 0
1983    0 1
2196 1983 0
2022 1983 0
2023 1983 0
1987    0 0
1987    0 1
2201 1987 0
2024 1987 0
2025 1987 0
1991    0 0
1991    0 1
2206 1991 0
2026 1991 0
2027 1991 0
1995    0 0
1995    0 1
2211 1995 0
2028 1995 0
2029 1995 0
1999    0 0
2000    0 0
2001    0 0
2001    0 1
2080 2001 0
2033 2001 0
2004    0 0
2005    0 0
2006    0 0
2007    0 0
2008    0 0
2009    0 0
2010    0 0
2011    0 0
2012    0 0
2013    0 0
2014    0 0
2015    0 0
2016    0 0
2017    0 0
2018    0 0
2019    0 0
2020    0 0
2021    0 0
2022    0 0
2023    0 0
2024    0 0
2025    0 0
2026    0 0
2027    0 0
2028    0 0
2029    0 0
2030    0 0
2030    0 1
2137 2030 0
2076 2030 0
2033    0 0
2033    0 1
2080 2033 0
2081 2033 0
2082 2033 0
2037    0 0
2037    0 1
2149 2037 0
2085 2037 0
2040    0 0
2040    0 1
2154 2040 0
2089 2040 0
2043    0 0
2043    0 1
2159 2043 0
2093 2043 0
2046    0 0
2046    0 1
2164 2046 0
2097 2046 0
2049    0 0
2049    0 1
2169 2049 0
2101 2049 0
2052    0 0
2052    0 1
2174 2052 0
2105 2052 0
2055    0 0
2055    0 1
2179 2055 0
2109 2055 0
2058    0 0
2058    0 1
2184 2058 0
2113 2058 0
2061    0 0
2061    0 1
2189 2061 0
2117 2061 0
2064    0 0
2064    0 1
2194 2064 0
2121 2064 0
2067    0 0
2067    0 1
2199 2067 0
2125 2067 0
2070    0 0
2070    0 1
2204 2070 0
2129 2070 0
2073    0 0
2073    0 1
2209 2073 0
2133 2073 0
2076    0 0
2076    0 1
2137 2076 0
2138 2076 0
2139 2076 0
2080    0 0
2081    0 0
2082    0 0
2082    0 1
2145 2082 0
2222 2082 0
2085    0 0
2085    0 1
2149 2085 0
2150 2085 0
2151 2085 0
2089    0 0
2089    0 1
2154 2089 0
2155 2089 0
2156 2089 0
2093    0 0
2093    0 1
2159 2093 0
2160 2093 0
2161 2093 0
2097    0 0
2097    0 1
2164 2097 0
2165 2097 0
2166 2097 0
2101    0 0
2101    0 1
2169 2101 0
2170 2101 0
2171 2101 0
2105    0 0
2105    0 1
2174 2105 0
2175 2105 0
2176 2105 0
2109    0 0
2109    0 1
2179 2109 0
2180 2109 0
2181 2109 0
2113    0 0
2113    0 1
2184 2113 0
2185 2113 0
2186 2113 0
2117    0 0
2117    0 1
2189 2117 0
2190 2117 0
2191 2117 0
2121    0 0
2121    0 1
2194 2121 0
2195 2121 0
2196 2121 0
2125    0 0
2125    0 1
2199 2125 0
2200 2125 0
2201 2125 0
2129    0 0
2129    0 1
2204 2129 0
2205 2129 0
2206 2129 0
2133    0 0
2133    0 1
2209 2133 0
2210 2133 0
2211 2133 0
2137    0 0
2138    0 0
2139    0 0
2139    0 1
2217 2139 0
2265 2139 0
2142    0 0
2142    0 1
2217 2142 0
2264 2142 0
2145    0 0
2145    0 1
2359 2145 0
2221 2145 0
2222 2145 0
2149    0 0
2150    0 0
2151    0 0
2151    0 1
2269 2151 0
2327 2151 0
2154    0 0
2155    0 0
2156    0 0
2156    0 1
2273 2156 0
2329 2156 0
2159    0 0
2160    0 0
2161    0 0
2161    0 1
2277 2161 0
2331 2161 0
2164    0 0
2165    0 0
2166    0 0
2166    0 1
2281 2166 0
2333 2166 0
2169    0 0
2170    0 0
2171    0 0
2171    0 1
2285 2171 0
2335 2171 0
2174    0 0
2175    0 0
2176    0 0
2176    0 1
2289 2176 0
2337 2176 0
2179    0 0
2180    0 0
2181    0 0
2181    0 1
2293 2181 0
2339 2181 0
2184    0 0
2185    0 0
2186    0 0
2186    0 1
2297 2186 0
2341 2186 0
2189    0 0
2190    0 0
2191    0 0
2191    0 1
2301 2191 0
2343 2191 0
2194    0 0
2195    0 0
2196    0 0
2196    0 1
2305 2196 0
2345 2196 0
2199    0 0
2200    0 0
2201    0 0
2201    0 1
2309 2201 0
2347 2201 0
2204    0 0
2205    0 0
2206    0 0
2206    0 1
2313 2206 0
2349 2206 0
2209    0 0
2210    0 0
2211    0 0
2211    0 1
2260 2211 0
2318 2211 0
2214    0 0
2214    0 1
2260 2214 0
2317 2214 0
2217    0 0
2217    0 1
2404 2217 0
2264 2217 0
2265 2217 0
2221    0 0
2222    0 0
2223    0 0
2223    0 1
2224    0 0
2224    0 1
2269 2224 0
2326 2224 0
2227    0 0
2227    0 1
2273 2227 0
2328 2227 0
2230    0 0
2230    0 1
2277 2230 0
2330 2230 0
2233    0 0
2233    0 1
2281 2233 0
2332 2233 0
2236    0 0
2236    0 1
2285 2236 0
2334 2236 0
2239    0 0
2239    0 1
2289 2239 0
2336 2239 0
2242    0 0
2242    0 1
2293 2242 0
2338 2242 0
2245    0 0
2245    0 1
2297 2245 0
2340 2245 0
2248    0 0
2248    0 1
2301 2248 0
2342 2248 0
2251    0 0
2251    0 1
2305 2251 0
2344 2251 0
2254    0 0
2254    0 1
2309 2254 0
2346 2254 0
2257    0 0
2257    0 1
2313 2257 0
2348 2257 0
2260    0 0
2260    0 1
2464 2260 0
2317 2260 0
2318 2260 0
2264    0 0
2265    0 0
2266    0 0
2266    0 1
2357 2266 0
2322 2266 0
2269    0 0
2269    0 1
2478 2269 0
2326 2269 0
2327 2269 0
2273    0 0
2273    0 1
2483 2273 0
2328 2273 0
2329 2273 0
2277    0 0
2277    0 1
2488 2277 0
2330 2277 0
2331 2277 0
2281    0 0
2281    0 1
2493 2281 0
2332 2281 0
2333 2281 0
2285    0 0
2285    0 1
2498 2285 0
2334 2285 0
2335 2285 0
2289    0 0
2289    0 1
2503 2289 0
2336 2289 0
2337 2289 0
2293    0 0
2293    0 1
2508 2293 0
2338 2293 0
2339 2293 0
2297    0 0
2297    0 1
2513 2297 0
2340 2297 0
2341 2297 0
2301    0 0
2301    0 1
2518 2301 0
2342 2301 0
2343 2301 0
2305    0 0
2305    0 1
2523 2305 0
2344 2305 0
2345 2305 0
2309    0 0
2309    0 1
2528 2309 0
2346 2309 0
2347 2309 0
2313    0 0
2313    0 1
2533 2313 0
2348 2313 0
2349 2313 0
2317    0 0
2318    0 0
2319    0 0
2319    0 1
2402 2319 0
2353 2319 0
2322    0 0
2322    0 1
2357 2322 0
2358 2322 0
2359 2322 0
2326    0 0
2327    0 0
2328    0 0
2329    0 0
2330    0 0
2331    0 0
2332    0 0
2333    0 0
2334    0 0
2335    0 0
2336    0 0
2337    0 0
2338    0 0
2339    0 0
2340    0 0
2341    0 0
2342    0 0
2343    0 0
2344    0 0
2345    0 0
2346    0 0
2347    0 0
2348    0 0
2349    0 0
2350    0 0
2350    0 1
2462 2350 0
2398 2350 0
2353    0 0
2353    0 1
2402 2353 0
2403 2353 0
2404 2353 0
2357    0 0
2358    0 0
2359    0 0
2359    0 1
2410 2359 0
2475 2359 0
2362    0 0
2362    0 1
2476 2362 0
2414 2362 0
2365    0 0
2365    0 1
2481 2365 0
2418 2365 0
2368    0 0
2368    0 1
2486 2368 0
2422 2368 0
2371    0 0
2371    0 1
2491 2371 0
2426 2371 0
2374    0 0
2374    0 1
2496 2374 0
2430 2374 0
2377    0 0
2377    0 1
2501 2377 0
2434 2377 0
2380    0 0
2380    0 1
2506 2380 0
2438 2380 0
2383    0 0
2383    0 1
2511 2383 0
2442 2383 0
2386    0 0
2386    0 1
2516 2386 0
2446 2386 0
2389    0 0
2389    0 1
2521 2389 0
2450 2389 0
2392    0 0
2392    0 1
2526 2392 0
2454 2392 0
2395    0 0
2395    0 1
2531 2395 0
2458 2395 0
2398    0 0
2398    0 1
2462 2398 0
2463 2398 0
2464 2398 0
2402    0 0
2403    0 0
2404    0 0
2404    0 1
2470 2404 0
2544 2404 0
2407    0 0
2407    0 1
2470 2407 0
2543 2407 0
2410    0 0
2410    0 1
2650 2410 0
2474 2410 0
2475 2410 0
2414    0 0
2414    0 1
2476 2414 0
2477 2414 0
2478 2414 0
2418    0 0
2418    0 1
2481 2418 0
2482 2418 0
2483 2418 0
2422    0 0
2422    0 1
2486 2422 0
2487 2422 0
2488 2422 0
2426    0 0
2426    0 1
2491 2426 0
2492 2426 0
2493 2426 0
2430    0 0
2430    0 1
2496 2430 0
2497 2430 0
2498 2430 0
2434    0 0
2434    0 1
2501 2434 0
2502 2434 0
2503 2434 0
2438    0 0
2438    0 1
2506 2438 0
2507 2438 0
2508 2438 0
2442    0 0
2442    0 1
2511 2442 0
2512 2442 0
2513 2442 0
2446    0 0
2446    0 1
2516 2446 0
2517 2446 0
2518 2446 0
2450    0 0
2450    0 1
2521 2450 0
2522 2450 0
2523 2450 0
2454    0 0
2454    0 1
2526 2454 0
2527 2454 0
2528 2454 0
2458    0 0
2458    0 1
2531 2458 0
2532 2458 0
2533 2458 0
2462    0 0
2463    0 0
2464    0 0
2464    0 1
2539 2464 0
2587 2464 0
2467    0 0
2467    0 1
2539 2467 0
2586 2467 0
2470    0 0
2470    0 1
2684 2470 0
2543 2470 0
2544 2470 0
2474    0 0
2475    0 0
2476    0 0
2477    0 0
2478    0 0
2478    0 1
2595 2478 0
2654 2478 0
2481    0 0
2482    0 0
2483    0 0
2483    0 1
2599 2483 0
2656 2483 0
2486    0 0
2487    0 0
2488    0 0
2488    0 1
2603 2488 0
2658 2488 0
2491    0 0
2492    0 0
2493    0 0
2493    0 1
2607 2493 0
2660 2493 0
2496    0 0
2497    0 0
2498    0 0
2498    0 1
2611 2498 0
2662 2498 0
2501    0 0
2502    0 0
2503    0 0
2503    0 1
2615 2503 0
2664 2503 0
2506    0 0
2507    0 0
2508    0 0
2508    0 1
2619 2508 0
2666 2508 0
2511    0 0
2512    0 0
2513    0 0
2513    0 1
2623 2513 0
2668 2513 0
2516    0 0
2517    0 0
2518    0 0
2518    0 1
2627 2518 0
2670 2518 0
2521    0 0
2522    0 0
2523    0 0
2523    0 1
2631 2523 0
2672 2523 0
2526    0 0
2527    0 0
2528    0 0
2528    0 1
2635 2528 0
2674 2528 0
2531    0 0
2532    0 0
2533    0 0
2533    0 1
2582 2533 0
2640 2533 0
2536    0 0
2536    0 1
2582 2536 0
2639 2536 0
2539    0 0
2539    0 1
2733 2539 0
2586 2539 0
2587 2539 0
2543    0 0
2544    0 0
2545    0 0
2545    0 1
2648 2545 0
2591 2545 0
2548    0 0
2548    0 1
2549    0 0
2549    0 1
2595 2549 0
2653 2549 0
2552    0 0
2552    0 1
2599 2552 0
2655 2552 0
2555    0 0
2555    0 1
2603 2555 0
2657 2555 0
2558    0 0
2558    0 1
2607 2558 0
2659 2558 0
2561    0 0
2561    0 1
2611 2561 0
2661 2561 0
2564    0 0
2564    0 1
2615 2564 0
2663 2564 0
2567    0 0
2567    0 1
2619 2567 0
2665 2567 0
2570    0 0
2570    0 1
2623 2570 0
2667 2570 0
2573    0 0
2573    0 1
2627 2573 0
2669 2573 0
2576    0 0
2576    0 1
2631 2576 0
2671 2576 0
2579    0 0
2579    0 1
2635 2579 0
2673 2579 0
2582    0 0
2582    0 1
2791 2582 0
2639 2582 0
2640 2582 0
2586    0 0
2587    0 0
2588    0 0
2588    0 1
2682 2588 0
2644 2588 0
2591    0 0
2591    0 1
2648 2591 0
2649 2591 0
2650 2591 0
2595    0 0
2595    0 1
2808 2595 0
2653 2595 0
2654 2595 0
2599    0 0
2599    0 1
2813 2599 0
2655 2599 0
2656 2599 0
2603    0 0
2603    0 1
2818 2603 0
2657 2603 0
2658 2603 0
2607    0 0
2607    0 1
2823 2607 0
2659 2607 0
2660 2607 0
2611    0 0
2611    0 1
2828 2611 0
2661 2611 0
2662 2611 0
2615    0 0
2615    0 1
2833 2615 0
2663 2615 0
2664 2615 0
2619    0 0
2619    0 1
2838 2619 0
2665 2619 0
2666 2619 0
2623    0 0
2623    0 1
2843 2623 0
2667 2623 0
2668 2623 0
2627    0 0
2627    0 1
2848 2627 0
2669 2627 0
2670 2627 0
2631    0 0
2631    0 1
2853 2631 0
2671 2631 0
2672 2631 0
2635    0 0
2635    0 1
2858 2635 0
2673 2635 0
2674 2635 0
2639    0 0
2640    0 0
2641    0 0
2641    0 1
2731 2641 0
2678 2641 0
2644    0 0
2644    0 1
2682 2644 0
2683 2644 0
2684 2644 0
2648    0 0
2649    0 0
2650    0 0
2650    0 1
2690 2650 0
2744 2650 0
2653    0 0
2654    0 0
2655    0 0
2656    0 0
2657    0 0
2658    0 0
2659    0 0
2660    0 0
2661    0 0
2662    0 0
2663    0 0
2664    0 0
2665    0 0
2666    0 0
2667    0 0
2668    0 0
2669    0 0
2670    0 0
2671    0 0
2672    0 0
2673    0 0
2674    0 0
2675    0 0
2675    0 1
2789 2675 0
2727 2675 0
2678    0 0
2678    0 1
2731 2678 0
2732 2678 0
2733 2678 0
2682    0 0
2683    0 0
2684    0 0
2684    0 1
2739 2684 0
2802 2684 0
2687    0 0
2687    0 1
2739 2687 0
2801 2687 0
2690    0 0
2690    0 1
2923 2690 0
2743 2690 0
2744 2690 0
2694    0 0
2694    0 1
2806 2694 0
2745 2694 0
2697    0 0
2697    0 1
2811 2697 0
2749 2697 0
2700    0 0
2700    0 1
2816 2700 0
2753 2700 0
2703    0 0
2703    0 1
2821 2703 0
2757 2703 0
2706    0 0
2706    0 1
2826 2706 0
2761 2706 0
2709    0 0
2709    0 1
2831 2709 0
2765 2709 0
2712    0 0
2712    0 1
2836 2712 0
2769 2712 0
2715    0 0
2715    0 1
2841 2715 0
2773 2715 0
2718    0 0
2718    0 1
2846 2718 0
2777 2718 0
2721    0 0
2721    0 1
2851 2721 0
2781 2721 0
2724    0 0
2724    0 1
2856 2724 0
2785 2724 0
2727    0 0
2727    0 1
2789 2727 0
2790 2727 0
2791 2727 0
2731    0 0
2732    0 0
2733    0 0
2733    0 1
2797 2733 0
2869 2733 0
2736    0 0
2736    0 1
2797 2736 0
2868 2736 0
2739    0 0
2739    0 1
2977 2739 0
2801 2739 0
2802 2739 0
2743    0 0
2744    0 0
2745    0 0
2745    0 1
2806 2745 0
2807 2745 0
2808 2745 0
2749    0 0
2749    0 1
2811 2749 0
2812 2749 0
2813 2749 0
2753    0 0
2753    0 1
2816 2753 0
2817 2753 0
2818 2753 0
2757    0 0
2757    0 1
2821 2757 0
2822 2757 0
2823 2757 0
2761    0 0
2761    0 1
2826 2761 0
2827 2761 0
2828 2761 0
2765    0 0
2765    0 1
2831 2765 0
2832 2765 0
2833 2765 0
2769    0 0
2769    0 1
2836 2769 0
2837 2769 0
2838 2769 0
2773    0 0
2773    0 1
2841 2773 0
2842 2773 0
2843 2773 0
2777    0 0
2777    0 1
2846 2777 0
2847 2777 0
2848 2777 0
2781    0 0
2781    0 1
2851 2781 0
2852 2781 0
2853 2781 0
2785    0 0
2785    0 1
2856 2785 0
2857 2785 0
2858 2785 0
2789    0 0
2790    0 0
2791    0 0
2791    0 1
2864 2791 0
2913 2791 0
2794    0 0
2794    0 1
2864 2794 0
2912 2794 0
2797    0 0
2797    0 1
3016 2797 0
2868 2797 0
2869 2797 0
2801    0 0
2802    0 0
2803    0 0
2803    0 1
2921 2803 0
2873 2803 0
2806    0 0
2807    0 0
2808    0 0
2808    0 1
2926 2808 0
2988 2808 0
2811    0 0
2812    0 0
2813    0 0
2813    0 1
2930 2813 0
2990 2813 0
2816    0 0
2817    0 0
2818    0 0
2818    0 1
2934 2818 0
2992 2818 0
2821    0 0
2822    0 0
2823    0 0
2823    0 1
2938 2823 0
2994 2823 0
2826    0 0
2827    0 0
2828    0 0
2828    0 1
2942 2828 0
2996 2828 0
2831    0 0
2832    0 0
2833    0 0
2833    0 1
2946 2833 0
2998 2833 0
2836    0 0
2837    0 0
2838    0 0
2838    0 1
2950 2838 0
3000 2838 0
2841    0 0
2842    0 0
2843    0 0
2843    0 1
2954 2843 0
3002 2843 0
2846    0 0
2847    0 0
2848    0 0
2848    0 1
2958 2848 0
3004 2848 0
2851    0 0
2852    0 0
2853    0 0
2853    0 1
2962 2853 0
3006 2853 0
2856    0 0
2857    0 0
2858    0 0
2858    0 1
2908 2858 0
2967 2858 0
2861    0 0
2861    0 1
2908 2861 0
2966 2861 0
2864    0 0
2864    0 1
3064 2864 0
2912 2864 0
2913 2864 0
2868    0 0
2869    0 0
2870    0 0
2870    0 1
2975 2870 0
2917 2870 0
2873    0 0
2873    0 1
2921 2873 0
2922 2873 0
2923 2873 0
2877    0 0
2877    0 1
2878    0 0
2878    0 1
2926 2878 0
2987 2878 0
2881    0 0
2881    0 1
2930 2881 0
2989 2881 0
2884    0 0
2884    0 1
2934 2884 0
2991 2884 0
2887    0 0
2887    0 1
2938 2887 0
2993 2887 0
2890    0 0
2890    0 1
2942 2890 0
2995 2890 0
2893    0 0
2893    0 1
2946 2893 0
2997 2893 0
2896    0 0
2896    0 1
2950 2896 0
2999 2896 0
2899    0 0
2899    0 1
2954 2899 0
3001 2899 0
2902    0 0
2902    0 1
2958 2902 0
3003 2902 0
2905    0 0
2905    0 1
2962 2905 0
3005 2905 0
2908    0 0
2908    0 1
3121 2908 0
2966 2908 0
2967 2908 0
2912    0 0
2913    0 0
2914    0 0
2914    0 1
3014 2914 0
2971 2914 0
2917    0 0
2917    0 1
2975 2917 0
2976 2917 0
2977 2917 0
2921    0 0
2922    0 0
2923    0 0
2923    0 1
2983 2923 0
3027 2923 0
2926    0 0
2926    0 1
3142 2926 0
2987 2926 0
2988 2926 0
2930    0 0
2930    0 1
3147 2930 0
2989 2930 0
2990 2930 0
2934    0 0
2934    0 1
3152 2934 0
2991 2934 0
2992 2934 0
2938    0 0
2938    0 1
3157 2938 0
2993 2938 0
2994 2938 0
2942    0 0
2942    0 1
3162 2942 0
2995 2942 0
2996 2942 0
2946    0 0
2946    0 1
3167 2946 0
2997 2946 0
2998 2946 0
2950    0 0
2950    0 1
3172 2950 0
2999 2950 0
3000 2950 0
2954    0 0
2954    0 1
3177 2954 0
3001 2954 0
3002 2954 0
2958    0 0
2958    0 1
3182 2958 0
3003 2958 0
3004 2958 0
2962    0 0
2962    0 1
3187 2962 0
3005 2962 0
3006 2962 0
2966    0 0
2967    0 0
2968    0 0
2968    0 1
3062 2968 0
3010 2968 0
2971    0 0
2971    0 1
3014 2971 0
3015 2971 0
3016 2971 0
2975    0 0
2976    0 0
2977    0 0
2977    0 1
3022 2977 0
3075 2977 0
2980    0 0
2980    0 1
3022 2980 0
3074 2980 0
2983    0 0
2983    0 1
3208 2983 0
3026 2983 0
3027 2983 0
2987    0 0
2988    0 0
2989    0 0
2990    0 0
2991    0 0
2992    0 0
2993    0 0
2994    0 0
2995    0 0
2996    0 0
2997    0 0
2998    0 0
2999    0 0
3000    0 0
3001    0 0
3002    0 0
3003    0 0
3004    0 0
3005    0 0
3006    0 0
3007    0 0
3007    0 1
3119 3007 0
3058 3007 0
3010    0 0
3010    0 1
3062 3010 0
3063 3010 0
3064 3010 0
3014    0 0
3015    0 0
3016    0 0
3016    0 1
3070 3016 0
3132 3016 0
3019    0 0
3019    0 1
3070 3019 0
3131 3019 0
3022    0 0
3022    0 1
3254 3022 0
3074 3022 0
3075 3022 0
3026    0 0
3027    0 0
3028    0 0
3028    0 1
3140 3028 0
3079 3028 0
3031    0 0
3031    0 1
3145 3031 0
3083 3031 0
3034    0 0
3034    0 1
3150 3034 0
3087 3034 0
3037    0 0
3037    0 1
3155 3037 0
3091 3037 0
3040    0 0
3040    0 1
3160 3040 0
3095 3040 0
3043    0 0
3043    0 1
3165 3043 0
3099 3043 0
3046    0 0
3046    0 1
3170 3046 0
3103 3046 0
3049    0 0
3049    0 1
3175 3049 0
3107 3049 0
3052    0 0
3052    0 1
3180 3052 0
3111 3052 0
3055    0 0
3055    0 1
3185 3055 0
3115 3055 0
3058    0 0
3058    0 1
3119 3058 0
3120 3058 0
3121 3058 0
3062    0 0
3063    0 0
3064    0 0
3064    0 1
3127 3064 0
3198 3064 0
3067    0 0
3067    0 1
3127 3067 0
3197 3067 0
3070    0 0
3070    0 1
3311 3070 0
3131 3070 0
3132 3070 0
3074    0 0
3075    0 0
3076    0 0
3076    0 1
3206 3076 0
3136 3076 0
3079    0 0
3079    0 1
3140 3079 0
3141 3079 0
3142 3079 0
3083    0 0
3083    0 1
3145 3083 0
3146 3083 0
3147 3083 0
3087    0 0
3087    0 1
3150 3087 0
3151 3087 0
3152 3087 0
3091    0 0
3091    0 1
3155 3091 0
3156 3091 0
3157 3091 0
3095    0 0
3095    0 1
3160 3095 0
3161 3095 0
3162 3095 0
3099    0 0
3099    0 1
3165 3099 0
3166 3099 0
3167 3099 0
3103    0 0
3103    0 1
3170 3103 0
3171 3103 0
3172 3103 0
3107    0 0
3107    0 1
3175 3107 0
3176 3107 0
3177 3107 0
3111    0 0
3111    0 1
3180 3111 0
3181 3111 0
3182 3111 0
3115    0 0
3115    0 1
3185 3115 0
3186 3115 0
3187 3115 0
3119    0 0
3120    0 0
3121    0 0
3121    0 1
3193 3121 0
3244 3121 0
3124    0 0
3124    0 1
3193 3124 0
3243 3124 0
3127    0 0
3127    0 1
3350 3127 0
3197 3127 0
3198 3127 0
3131    0 0
3132    0 0
3133    0 0
3133    0 1
3252 3133 0
3202 3133 0
3136    0 0
3136    0 1
3206 3136 0
3207 3136 0
3208 3136 0
3140    0 0
3141    0 0
3142    0 0
3142    0 1
3264 3142 0
3324 3142 0
3145    0 0
3146    0 0
3147    0 0
3147    0 1
3268 3147 0
3326 3147 0
3150    0 0
3151    0 0
3152    0 0
3152    0 1
3272 3152 0
3328 3152 0
3155    0 0
3156    0 0
3157    0 0
3157    0 1
3276 3157 0
3330 3157 0
3160    0 0
3161    0 0
3162    0 0
3162    0 1
3280 3162 0
3332 3162 0
3165    0 0
3166    0 0
3167    0 0
3167    0 1
3284 3167 0
3334 3167 0
3170    0 0
3171    0 0
3172    0 0
3172    0 1
3288 3172 0
3336 3172 0
3175    0 0
3176    0 0
3177    0 0
3177    0 1
3292 3177 0
3338 3177 0
3180    0 0
3181    0 0
3182    0 0
3182    0 1
3296 3182 0
3340 3182 0
3185    0 0
3186    0 0
3187    0 0
3187    0 1
3239 3187 0
3301 3187 0
3190    0 0
3190    0 1
3239 3190 0
3300 3190 0
3193    0 0
3193    0 1
3398 3193 0
3243 3193 0
3244 3193 0
3197    0 0
3198    0 0
3199    0 0
3199    0 1
3309 3199 0
3248 3199 0
3202    0 0
3202    0 1
3252 3202 0
3253 3202 0
3254 3202 0
3206    0 0
3207    0 0
3208    0 0
3208    0 1
3260 3208 0
3322 3208 0
3211    0 0
3211    0 1
3212    0 0
3212    0 1
3264 3212 0
3323 3212 0
3215    0 0
3215    0 1
3268 3215 0
3325 3215 0
3218    0 0
3218    0 1
3272 3218 0
3327 3218 0
3221    0 0
3221    0 1
3276 3221 0
3329 3221 0
3224    0 0
3224    0 1
3280 3224 0
3331 3224 0
3227    0 0
3227    0 1
3284 3227 0
3333 3227 0
3230    0 0
3230    0 1
3288 3230 0
3335 3230 0
3233    0 0
3233    0 1
3292 3233 0
3337 3233 0
3236    0 0
3236    0 1
3296 3236 0
3339 3236 0
3239    0 0
3239    0 1
3455 3239 0
3300 3239 0
3301 3239 0
3243    0 0
3244    0 0
3245    0 0
3245    0 1
3348 3245 0
3305 3245 0
3248    0 0
3248    0 1
3309 3248 0
3310 3248 0
3311 3248 0
3252    0 0
3253    0 0
3254    0 0
3254    0 1
3317 3254 0
3361 3254 0
3257    0 0
3257    0 1
3317 3257 0
3360 3257 0
3260    0 0
3260    0 1
3476 3260 0
3321 3260 0
3322 3260 0
3264    0 0
3264    0 1
3481 3264 0
3323 3264 0
3324 3264 0
3268    0 0
3268    0 1
3486 3268 0
3325 3268 0
3326 3268 0
3272    0 0
3272    0 1
3491 3272 0
3327 3272 0
3328 3272 0
3276    0 0
3276    0 1
3496 3276 0
3329 3276 0
3330 3276 0
3280    0 0
3280    0 1
3501 3280 0
3331 3280 0
3332 3280 0
3284    0 0
3284    0 1
3506 3284 0
3333 3284 0
3334 3284 0
3288    0 0
3288    0 1
3511 3288 0
3335 3288 0
3336 3288 0
3292    0 0
3292    0 1
3516 3292 0
3337 3292 0
3338 3292 0
3296    0 0
3296    0 1
3521 3296 0
3339 3296 0
3340 3296 0
3300    0 0
3301    0 0
3302    0 0
3302    0 1
3396 3302 0
3344 3302 0
3305    0 0
3305    0 1
3348 3305 0
3349 3305 0
3350 3305 0
3309    0 0
3310    0 0
3311    0 0
3311    0 1
3356 3311 0
3409 3311 0
3314    0 0
3314    0 1
3356 3314 0
3408 3314 0
3317    0 0
3317    0 1
3542 3317 0
3360 3317 0
3361 3317 0
3321    0 0
3322    0 0
3323    0 0
3324    0 0
3325    0 0
3326    0 0
3327    0 0
3328    0 0
3329    0 0
3330    0 0
3331    0 0
3332    0 0
3333    0 0
3334    0 0
3335    0 0
3336    0 0
3337    0 0
3338    0 0
3339    0 0
3340    0 0
3341    0 0
3341    0 1
3453 3341 0
3392 3341 0
3344    0 0
3344    0 1
3396 3344 0
3397 3344 0
3398 3344 0
3348    0 0
3349    0 0
3350    0 0
3350    0 1
3404 3350 0
3466 3350 0
3353    0 0
3353    0 1
3404 3353 0
3465 3353 0
3356    0 0
3356    0 1
3592 3356 0
3408 3356 0
3409 3356 0
3360    0 0
3361    0 0
3362    0 0
3362    0 1
3474 3362 0
3413 3362 0
3365    0 0
3365    0 1
3479 3365 0
3417 3365 0
3368    0 0
3368    0 1
3484 3368 0
3421 3368 0
3371    0 0
3371    0 1
3489 3371 0
3425 3371 0
3374    0 0
3374    0 1
3494 3374 0
3429 3374 0
3377    0 0
3377    0 1
3499 3377 0
3433 3377 0
3380    0 0
3380    0 1
3504 3380 0
3437 3380 0
3383    0 0
3383    0 1
3509 3383 0
3441 3383 0
3386    0 0
3386    0 1
3514 3386 0
3445 3386 0
3389    0 0
3389    0 1
3519 3389 0
3449 3389 0
3392    0 0
3392    0 1
3453 3392 0
3454 3392 0
3455 3392 0
3396    0 0
3397    0 0
3398    0 0
3398    0 1
3461 3398 0
3532 3398 0
3401    0 0
3401    0 1
3461 3401 0
3531 3401 0
3404    0 0
3404    0 1
3647 3404 0
3465 3404 0
3466 3404 0
3408    0 0
3409    0 0
3410    0 0
3410    0 1
3540 3410 0
3470 3410 0
3413    0 0
3413    0 1
3474 3413 0
3475 3413 0
3476 3413 0
3417    0 0
3417    0 1
3479 3417 0
3480 3417 0
3481 3417 0
3421    0 0
3421    0 1
3484 3421 0
3485 3421 0
3486 3421 0
3425    0 0
3425    0 1
3489 3425 0
3490 3425 0
3491 3425 0
3429    0 0
3429    0 1
3494 3429 0
3495 3429 0
3496 3429 0
3433    0 0
3433    0 1
3499 3433 0
3500 3433 0
3501 3433 0
3437    0 0
3437    0 1
3504 3437 0
3505 3437 0
3506 3437 0
3441    0 0
3441    0 1
3509 3441 0
3510 3441 0
3511 3441 0
3445    0 0
3445    0 1
3514 3445 0
3515 3445 0
3516 3445 0
3449    0 0
3449    0 1
3519 3449 0
3520 3449 0
3521 3449 0
3453    0 0
3454    0 0
3455    0 0
3455    0 1
3527 3455 0
3582 3455 0
3458    0 0
3458    0 1
3527 3458 0
3581 3458 0
3461    0 0
3461    0 1
3687 3461 0
3531 3461 0
3532 3461 0
3465    0 0
3466    0 0
3467    0 0
3467    0 1
3590 3467 0
3536 3467 0
3470    0 0
3470    0 1
3540 3470 0
3541 3470 0
3542 3470 0
3474    0 0
3475    0 0
3476    0 0
3476    0 1
3548 3476 0
3603 3476 0
3479    0 0
3480    0 0
3481    0 0
3481    0 1
3604 3481 0
3663 3481 0
3484    0 0
3485    0 0
3486    0 0
3486    0 1
3608 3486 0
3665 3486 0
3489    0 0
3490    0 0
3491    0 0
3491    0 1
3612 3491 0
3667 3491 0
3494    0 0
3495    0 0
3496    0 0
3496    0 1
3616 3496 0
3669 3496 0
3499    0 0
3500    0 0
3501    0 0
3501    0 1
3620 3501 0
3671 3501 0
3504    0 0
3505    0 0
3506    0 0
3506    0 1
3624 3506 0
3673 3506 0
3509    0 0
3510    0 0
3511    0 0
3511    0 1
3628 3511 0
3675 3511 0
3514    0 0
3515    0 0
3516    0 0
3516    0 1
3632 3516 0
3677 3516 0
3519    0 0
3520    0 0
3521    0 0
3521    0 1
3577 3521 0
3637 3521 0
3524    0 0
3524    0 1
3577 3524 0
3636 3524 0
3527    0 0
3527    0 1
3736 3527 0
3581 3527 0
3582 3527 0
3531    0 0
3532    0 0
3533    0 0
3533    0 1
3645 3533 0
3586 3533 0
3536    0 0
3536    0 1
3590 3536 0
3591 3536 0
3592 3536 0
3540    0 0
3541    0 0
3542    0 0
3542    0 1
3598 3542 0
3658 3542 0
3545    0 0
3545    0 1
3598 3545 0
3657 3545 0
3548    0 0
3548    0 1
3757 3548 0
3602 3548 0
3603 3548 0
3552    0 0
3552    0 1
3553    0 0
3553    0 1
3604 3553 0
3662 3553 0
3556    0 0
3556    0 1
3608 3556 0
3664 3556 0
3559    0 0
3559    0 1
3612 3559 0
3666 3559 0
3562    0 0
3562    0 1
3616 3562 0
3668 3562 0
3565    0 0
3565    0 1
3620 3565 0
3670 3565 0
3568    0 0
3568    0 1
3624 3568 0
3672 3568 0
3571    0 0
3571    0 1
3628 3571 0
3674 3571 0
3574    0 0
3574    0 1
3632 3574 0
3676 3574 0
3577    0 0
3577    0 1
3794 3577 0
3636 3577 0
3637 3577 0
3581    0 0
3582    0 0
3583    0 0
3583    0 1
3685 3583 0
3641 3583 0
3586    0 0
3586    0 1
3645 3586 0
3646 3586 0
3647 3586 0
3590    0 0
3591    0 0
3592    0 0
3592    0 1
3653 3592 0
3698 3592 0
3595    0 0
3595    0 1
3653 3595 0
3697 3595 0
3598    0 0
3598    0 1
3815 3598 0
3657 3598 0
3658 3598 0
3602    0 0
3603    0 0
3604    0 0
3604    0 1
3827 3604 0
3662 3604 0
3663 3604 0
3608    0 0
3608    0 1
3832 3608 0
3664 3608 0
3665 3608 0
3612    0 0
3612    0 1
3837 3612 0
3666 3612 0
3667 3612 0
3616    0 0
3616    0 1
3842 3616 0
3668 3616 0
3669 3616 0
3620    0 0
3620    0 1
3847 3620 0
3670 3620 0
3671 3620 0
3624    0 0
3624    0 1
3852 3624 0
3672 3624 0
3673 3624 0
3628    0 0
3628    0 1
3857 3628 0
3674 3628 0
3675 3628 0
3632    0 0
3632    0 1
3862 3632 0
3676 3632 0
3677 3632 0
3636    0 0
3637    0 0
3638    0 0
3638    0 1
3734 3638 0
3681 3638 0
3641    0 0
3641    0 1
3685 3641 0
3686 3641 0
3687 3641 0
3645    0 0
3646    0 0
3647    0 0
3647    0 1
3693 3647 0
3747 3647 0
3650    0 0
3650    0 1
3693 3650 0
3746 3650 0
3653    0 0
3653    0 1
3883 3653 0
3697 3653 0
3698 3653 0
3657    0 0
3658    0 0
3659    0 0
3659    0 1
3755 3659 0
3702 3659 0
3662    0 0
3663    0 0
3664    0 0
3665    0 0
3666    0 0
3667    0 0
3668    0 0
3669    0 0
3670    0 0
3671    0 0
3672    0 0
3673    0 0
3674    0 0
3675    0 0
3676    0 0
3677    0 0
3678    0 0
3678    0 1
3792 3678 0
3730 3678 0
3681    0 0
3681    0 1
3734 3681 0
3735 3681 0
3736 3681 0
3685    0 0
3686    0 0
3687    0 0
3687    0 1
3742 3687 0
3805 3687 0
3690    0 0
3690    0 1
3742 3690 0
3804 3690 0
3693    0 0
3693    0 1
3932 3693 0
3746 3693 0
3747 3693 0
3697    0 0
3698    0 0
3699    0 0
3699    0 1
3813 3699 0
3751 3699 0
3702    0 0
3702    0 1
3755 3702 0
3756 3702 0
3757 3702 0
3706    0 0
3706    0 1
3825 3706 0
3760 3706 0
3709    0 0
3709    0 1
3830 3709 0
3764 3709 0
3712    0 0
3712    0 1
3835 3712 0
3768 3712 0
3715    0 0
3715    0 1
3840 3715 0
3772 3715 0
3718    0 0
3718    0 1
3845 3718 0
3776 3718 0
3721    0 0
3721    0 1
3850 3721 0
3780 3721 0
3724    0 0
3724    0 1
3855 3724 0
3784 3724 0
3727    0 0
3727    0 1
3860 3727 0
3788 3727 0
3730    0 0
3730    0 1
3792 3730 0
3793 3730 0
3794 3730 0
3734    0 0
3735    0 0
3736    0 0
3736    0 1
3800 3736 0
3873 3736 0
3739    0 0
3739    0 1
3800 3739 0
3872 3739 0
3742    0 0
3742    0 1
3986 3742 0
3804 3742 0
3805 3742 0
3746    0 0
3747    0 0
3748    0 0
3748    0 1
3881 3748 0
3809 3748 0
3751    0 0
3751    0 1
3813 3751 0
3814 3751 0
3815 3751 0
3755    0 0
3756    0 0
3757    0 0
3757    0 1
3821 3757 0
3894 3757 0
3760    0 0
3760    0 1
3825 3760 0
3826 3760 0
3827 3760 0
3764    0 0
3764    0 1
3830 3764 0
3831 3764 0
3832 3764 0
3768    0 0
3768    0 1
3835 3768 0
3836 3768 0
3837 3768 0
3772    0 0
3772    0 1
3840 3772 0
3841 3772 0
3842 3772 0
3776    0 0
3776    0 1
3845 3776 0
3846 3776 0
3847 3776 0
3780    0 0
3780    0 1
3850 3780 0
3851 3780 0
3852 3780 0
3784    0 0
3784    0 1
3855 3784 0
3856 3784 0
3857 3784 0
3788    0 0
3788    0 1
3860 3788 0
3861 3788 0
3862 3788 0
3792    0 0
3793    0 0
3794    0 0
3794    0 1
3868 3794 0
3922 3794 0
3797    0 0
3797    0 1
3868 3797 0
3921 3797 0
3800    0 0
3800    0 1
4028 3800 0
3872 3800 0
3873 3800 0
3804    0 0
3805    0 0
3806    0 0
3806    0 1
3930 3806 0
3877 3806 0
3809    0 0
3809    0 1
3881 3809 0
3882 3809 0
3883 3809 0
3813    0 0
3814    0 0
3815    0 0
3815    0 1
3889 3815 0
3943 3815 0
3818    0 0
3818    0 1
3889 3818 0
3942 3818 0
3821    0 0
3821    0 1
4049 3821 0
3893 3821 0
3894 3821 0
3825    0 0
3826    0 0
3827    0 0
3827    0 1
3947 3827 0
4006 3827 0
3830    0 0
3831    0 0
3832    0 0
3832    0 1
3951 3832 0
4008 3832 0
3835    0 0
3836    0 0
3837    0 0
3837    0 1
3955 3837 0
4010 3837 0
3840    0 0
3841    0 0
3842    0 0
3842    0 1
3959 3842 0
4012 3842 0
3845    0 0
3846    0 0
3847    0 0
3847    0 1
3963 3847 0
4014 3847 0
3850    0 0
3851    0 0
3852    0 0
3852    0 1
3967 3852 0
4016 3852 0
3855    0 0
3856    0 0
3857    0 0
3857    0 1
3971 3857 0
4018 3857 0
3860    0 0
3861    0 0
3862    0 0
3862    0 1
3917 3862 0
3976 3862 0
3865    0 0
3865    0 1
3917 3865 0
3975 3865 0
3868    0 0
3868    0 1
4079 3868 0
3921 3868 0
3922 3868 0
3872    0 0
3873    0 0
3874    0 0
3874    0 1
3984 3874 0
3926 3874 0
3877    0 0
3877    0 1
3930 3877 0
3931 3877 0
3932 3877 0
3881    0 0
3882    0 0
3883    0 0
3883    0 1
3938 3883 0
3997 3883 0
3886    0 0
3886    0 1
3938 3886 0
3996 3886 0
3889    0 0
3889    0 1
4100 3889 0
3942 3889 0
3943 3889 0
3893    0 0
3894    0 0
3895    0 0
3895    0 1
3896    0 0
3896    0 1
3947 3896 0
4005 3896 0
3899    0 0
3899    0 1
3951 3899 0
4007 3899 0
3902    0 0
3902    0 1
3955 3902 0
4009 3902 0
3905    0 0
3905    0 1
3959 3905 0
4011 3905 0
3908    0 0
3908    0 1
3963 3908 0
4013 3908 0
3911    0 0
3911    0 1
3967 3911 0
4015 3911 0
3914    0 0
3914    0 1
3971 3914 0
4017 3914 0
3917    0 0
3917    0 1
4140 3917 0
3975 3917 0
3976 3917 0
3921    0 0
3922    0 0
3923    0 0
3923    0 1
4026 3923 0
3980 3923 0
3926    0 0
3926    0 1
3984 3926 0
3985 3926 0
3986 3926 0
3930    0 0
3931    0 0
3932    0 0
3932    0 1
3992 3932 0
4039 3932 0
3935    0 0
3935    0 1
3992 3935 0
4038 3935 0
3938    0 0
3938    0 1
4161 3938 0
3996 3938 0
3997 3938 0
3942    0 0
3943    0 0
3944    0 0
3944    0 1
4047 3944 0
4001 3944 0
3947    0 0
3947    0 1
4175 3947 0
4005 3947 0
4006 3947 0
3951    0 0
3951    0 1
4180 3951 0
4007 3951 0
4008 3951 0
3955    0 0
3955    0 1
4185 3955 0
4009 3955 0
4010 3955 0
3959    0 0
3959    0 1
4190 3959 0
4011 3959 0
4012 3959 0
3963    0 0
3963    0 1
4195 3963 0
4013 3963 0
4014 3963 0
3967    0 0
3967    0 1
4200 3967 0
4015 3967 0
4016 3967 0
3971    0 0
3971    0 1
4205 3971 0
4017 3971 0
4018 3971 0
3975    0 0
3976    0 0
3977    0 0
3977    0 1
4077 3977 0
4022 3977 0
3980    0 0
3980    0 1
4026 3980 0
4027 3980 0
4028 3980 0
3984    0 0
3985    0 0
3986    0 0
3986    0 1
4034 3986 0
4090 3986 0
3989    0 0
3989    0 1
4034 3989 0
4089 3989 0
3992    0 0
3992    0 1
4226 3992 0
4038 3992 0
4039 3992 0
3996    0 0
3997    0 0
3998    0 0
3998    0 1
4098 3998 0
4043 3998 0
4001    0 0
4001    0 1
4047 4001 0
4048 4001 0
4049 4001 0
4005    0 0
4006    0 0
4007    0 0
4008    0 0
4009    0 0
4010    0 0
4011    0 0
4012    0 0
4013    0 0
4014    0 0
4015    0 0
4016    0 0
4017    0 0
4018    0 0
4019    0 0
4019    0 1
4138 4019 0
4073 4019 0
4022    0 0
4022    0 1
4077 4022 0
4078 4022 0
4079 4022 0
4026    0 0
4027    0 0
4028    0 0
4028    0 1
4085 4028 0
4151 4028 0
4031    0 0
4031    0 1
4085 4031 0
4150 4031 0
4034    0 0
4034    0 1
4275 4034 0
4089 4034 0
4090 4034 0
4038    0 0
4039    0 0
4040    0 0
4040    0 1
4159 4040 0
4094 4040 0
4043    0 0
4043    0 1
4098 4043 0
4099 4043 0
4100 4043 0
4047    0 0
4048    0 0
4049    0 0
4049    0 1
4106 4049 0
4172 4049 0
4052    0 0
4052    0 1
4173 4052 0
4110 4052 0
4055    0 0
4055    0 1
4178 4055 0
4114 4055 0
4058    0 0
4058    0 1
4183 4058 0
4118 4058 0
4061    0 0
4061    0 1
4188 4061 0
4122 4061 0
4064    0 0
4064    0 1
4193 4064 0
4126 4064 0
4067    0 0
4067    0 1
4198 4067 0
4130 4067 0
4070    0 0
4070    0 1
4203 4070 0
4134 4070 0
4073    0 0
4073    0 1
4138 4073 0
4139 4073 0
4140 4073 0
4077    0 0
4078    0 0
4079    0 0
4079    0 1
4146 4079 0
4216 4079 0
4082    0 0
4082    0 1
4146 4082 0
4215 4082 0
4085    0 0
4085    0 1
4329 4085 0
4150 4085 0
4151 4085 0
4089    0 0
4090    0 0
4091    0 0
4091    0 1
4224 4091 0
4155 4091 0
4094    0 0
4094    0 1
4159 4094 0
4160 4094 0
4161 4094 0
4098    0 0
4099    0 0
4100    0 0
4100    0 1
4167 4100 0
4237 4100 0
4103    0 0
4103    0 1
4167 4103 0
4236 4103 0
4106    0 0
4106    0 1
4350 4106 0
4171 4106 0
4172 4106 0
4110    0 0
4110    0 1
4173 4110 0
4174 4110 0
4175 4110 0
4114    0 0
4114    0 1
4178 4114 0
4179 4114 0
4180 4114 0
4118    0 0
4118    0 1
4183 4118 0
4184 4118 0
4185 4118 0
4122    0 0
4122    0 1
4188 4122 0
4189 4122 0
4190 4122 0
4126    0 0
4126    0 1
4193 4126 0
4194 4126 0
4195 4126 0
4130    0 0
4130    0 1
4198 4130 0
4199 4130 0
4200 4130 0
4134    0 0
4134    0 1
4203 4134 0
4204 4134 0
4205 4134 0
4138    0 0
4139    0 0
4140    0 0
4140    0 1
4211 4140 0
4265 4140 0
4143    0 0
4143    0 1
4211 4143 0
4264 4143 0
4146    0 0
4146    0 1
4374 4146 0
4215 4146 0
4216 4146 0
4150    0 0
4151    0 0
4152    0 0
4152    0 1
4273 4152 0
4220 4152 0
4155    0 0
4155    0 1
4224 4155 0
4225 4155 0
4226 4155 0
4159    0 0
4160    0 0
4161    0 0
4161    0 1
4232 4161 0
4286 4161 0
4164    0 0
4164    0 1
4232 4164 0
4285 4164 0
4167    0 0
4167    0 1
4395 4167 0
4236 4167 0
4237 4167 0
4171    0 0
4172    0 0
4173    0 0
4174    0 0
4175    0 0
4175    0 1
4294 4175 0
4354 4175 0
4178    0 0
4179    0 0
4180    0 0
4180    0 1
4298 4180 0
4356 4180 0
4183    0 0
4184    0 0
4185    0 0
4185    0 1
4302 4185 0
4358 4185 0
4188    0 0
4189    0 0
4190    0 0
4190    0 1
4306 4190 0
4360 4190 0
4193    0 0
4194    0 0
4195    0 0
4195    0 1
4310 4195 0
4362 4195 0
4198    0 0
4199    0 0
4200    0 0
4200    0 1
4314 4200 0
4364 4200 0
4203    0 0
4204    0 0
4205    0 0
4205    0 1
4260 4205 0
4319 4205 0
4208    0 0
4208    0 1
4260 4208 0
4318 4208 0
4211    0 0
4211    0 1
4429 4211 0
4264 4211 0
4265 4211 0
4215    0 0
4216    0 0
4217    0 0
4217    0 1
4327 4217 0
4269 4217 0
4220    0 0
4220    0 1
4273 4220 0
4274 4220 0
4275 4220 0
4224    0 0
4225    0 0
4226    0 0
4226    0 1
4281 4226 0
4340 4226 0
4229    0 0
4229    0 1
4281 4229 0
4339 4229 0
4232    0 0
4232    0 1
4450 4232 0
4285 4232 0
4286 4232 0
4236    0 0
4237    0 0
4238    0 0
4238    0 1
4348 4238 0
4290 4238 0
4241    0 0
4241    0 1
4242    0 0
4242    0 1
4294 4242 0
4353 4242 0
4245    0 0
4245    0 1
4298 4245 0
4355 4245 0
4248    0 0
4248    0 1
4302 4248 0
4357 4248 0
4251    0 0
4251    0 1
4306 4251 0
4359 4251 0
4254    0 0
4254    0 1
4310 4254 0
4361 4254 0
4257    0 0
4257    0 1
4314 4257 0
4363 4257 0
4260    0 0
4260    0 1
4488 4260 0
4318 4260 0
4319 4260 0
4264    0 0
4265    0 0
4266    0 0
4266    0 1
4372 4266 0
4323 4266 0
4269    0 0
4269    0 1
4327 4269 0
4328 4269 0
4329 4269 0
4273    0 0
4274    0 0
4275    0 0
4275    0 1
4335 4275 0
4385 4275 0
4278    0 0
4278    0 1
4335 4278 0
4384 4278 0
4281    0 0
4281    0 1
4509 4281 0
4339 4281 0
4340 4281 0
4285    0 0
4286    0 0
4287    0 0
4287    0 1
4393 4287 0
4344 4287 0
4290    0 0
4290    0 1
4348 4290 0
4349 4290 0
4350 4290 0
4294    0 0
4294    0 1
4526 4294 0
4353 4294 0
4354 4294 0
4298    0 0
4298    0 1
4531 4298 0
4355 4298 0
4356 4298 0
4302    0 0
4302    0 1
4536 4302 0
4357 4302 0
4358 4302 0
4306    0 0
4306    0 1
4541 4306 0
4359 4306 0
4360 4306 0
4310    0 0
4310    0 1
4546 4310 0
4361 4310 0
4362 4310 0
4314    0 0
4314    0 1
4551 4314 0
4363 4314 0
4364 4314 0
4318    0 0
4319    0 0
4320    0 0
4320    0 1
4427 4320 0
4368 4320 0
4323    0 0
4323    0 1
4372 4323 0
4373 4323 0
4374 4323 0
4327    0 0
4328    0 0
4329    0 0
4329    0 1
4380 4329 0
4440 4329 0
4332    0 0
4332    0 1
4380 4332 0
4439 4332 0
4335    0 0
4335    0 1
4572 4335 0
4384 4335 0
4385 4335 0
4339    0 0
4340    0 0
4341    0 0
4341    0 1
4448 4341 0
4389 4341 0
4344    0 0
4344    0 1
4393 4344 0
4394 4344 0
4395 4344 0
4348    0 0
4349    0 0
4350    0 0
4350    0 1
4401 4350 0
4461 4350 0
4353    0 0
4354    0 0
4355    0 0
4356    0 0
4357    0 0
4358    0 0
4359    0 0
4360    0 0
4361    0 0
4362    0 0
4363    0 0
4364    0 0
4365    0 0
4365    0 1
4486 4365 0
4423 4365 0
4368    0 0
4368    0 1
4427 4368 0
4428 4368 0
4429 4368 0
4372    0 0
4373    0 0
4374    0 0
4374    0 1
4435 4374 0
4499 4374 0
4377    0 0
4377    0 1
4435 4377 0
4498 4377 0
4380    0 0
4380    0 1
4622 4380 0
4439 4380 0
4440 4380 0
4384    0 0
4385    0 0
4386    0 0
4386    0 1
4507 4386 0
4444 4386 0
4389    0 0
4389    0 1
4448 4389 0
4449 4389 0
4450 4389 0
4393    0 0
4394    0 0
4395    0 0
4395    0 1
4456 4395 0
4520 4395 0
4398    0 0
4398    0 1
4456 4398 0
4519 4398 0
4401    0 0
4401    0 1
4643 4401 0
4460 4401 0
4461 4401 0
4405    0 0
4405    0 1
4524 4405 0
4462 4405 0
4408    0 0
4408    0 1
4529 4408 0
4466 4408 0
4411    0 0
4411    0 1
4534 4411 0
4470 4411 0
4414    0 0
4414    0 1
4539 4414 0
4474 4414 0
4417    0 0
4417    0 1
4544 4417 0
4478 4417 0
4420    0 0
4420    0 1
4549 4420 0
4482 4420 0
4423    0 0
4423    0 1
4486 4423 0
4487 4423 0
4488 4423 0
4427    0 0
4428    0 0
4429    0 0
4429    0 1
4494 4429 0
4562 4429 0
4432    0 0
4432    0 1
4494 4432 0
4561 4432 0
4435    0 0
4435    0 1
4677 4435 0
4498 4435 0
4499 4435 0
4439    0 0
4440    0 0
4441    0 0
4441    0 1
4570 4441 0
4503 4441 0
4444    0 0
4444    0 1
4507 4444 0
4508 4444 0
4509 4444 0
4448    0 0
4449    0 0
4450    0 0
4450    0 1
4515 4450 0
4583 4450 0
4453    0 0
4453    0 1
4515 4453 0
4582 4453 0
4456    0 0
4456    0 1
4698 4456 0
4519 4456 0
4520 4456 0
4460    0 0
4461    0 0
4462    0 0
4462    0 1
4524 4462 0
4525 4462 0
4526 4462 0
4466    0 0
4466    0 1
4529 4466 0
4530 4466 0
4531 4466 0
4470    0 0
4470    0 1
4534 4470 0
4535 4470 0
4536 4470 0
4474    0 0
4474    0 1
4539 4474 0
4540 4474 0
4541 4474 0
4478    0 0
4478    0 1
4544 4478 0
4545 4478 0
4546 4478 0
4482    0 0
4482    0 1
4549 4482 0
4550 4482 0
4551 4482 0
4486    0 0
4487    0 0
4488    0 0
4488    0 1
4557 4488 0
4612 4488 0
4491    0 0
4491    0 1
4557 4491 0
4611 4491 0
4494    0 0
4494    0 1
4727 4494 0
4561 4494 0
4562 4494 0
4498    0 0
4499    0 0
4500    0 0
4500    0 1
4620 4500 0
4566 4500 0
4503    0 0
4503    0 1
4570 4503 0
4571 4503 0
4572 4503 0
4507    0 0
4508    0 0
4509    0 0
4509    0 1
4578 4509 0
4633 4509 0
4512    0 0
4512    0 1
4578 4512 0
4632 4512 0
4515    0 0
4515    0 1
4748 4515 0
4582 4515 0
4583 4515 0
4519    0 0
4520    0 0
4521    0 0
4521    0 1
4641 4521 0
4587 4521 0
4524    0 0
4525    0 0
4526    0 0
4526    0 1
4646 4526 0
4709 4526 0
4529    0 0
4530    0 0
4531    0 0
4531    0 1
4650 4531 0
4711 4531 0
4534    0 0
4535    0 0
4536    0 0
4536    0 1
4654 4536 0
4713 4536 0
4539    0 0
4540    0 0
4541    0 0
4541    0 1
4658 4541 0
4715 4541 0
4544    0 0
4545    0 0
4546    0 0
4546    0 1
4662 4546 0
4717 4546 0
4549    0 0
4550    0 0
4551    0 0
4551    0 1
4607 4551 0
4667 4551 0
4554    0 0
4554    0 1
4607 4554 0
4666 4554 0
4557    0 0
4557    0 1
4781 4557 0
4611 4557 0
4612 4557 0
4561    0 0
4562    0 0
4563    0 0
4563    0 1
4675 4563 0
4616 4563 0
4566    0 0
4566    0 1
4620 4566 0
4621 4566 0
4622 4566 0
4570    0 0
4571    0 0
4572    0 0
4572    0 1
4628 4572 0
4688 4572 0
4575    0 0
4575    0 1
4628 4575 0
4687 4575 0
4578    0 0
4578    0 1
4802 4578 0
4632 4578 0
4633 4578 0
4582    0 0
4583    0 0
4584    0 0
4584    0 1
4696 4584 0
4637 4584 0
4587    0 0
4587    0 1
4641 4587 0
4642 4587 0
4643 4587 0
4591    0 0
4591    0 1
4592    0 0
4592    0 1
4646 4592 0
4708 4592 0
4595    0 0
4595    0 1
4650 4595 0
4710 4595 0
4598    0 0
4598    0 1
4654 4598 0
4712 4598 0
4601    0 0
4601    0 1
4658 4601 0
4714 4601 0
4604    0 0
4604    0 1
4662 4604 0
4716 4604 0
4607    0 0
4607    0 1
4839 4607 0
4666 4607 0
4667 4607 0
4611    0 0
4612    0 0
4613    0 0
4613    0 1
4725 4613 0
4671 4613 0
4616    0 0
4616    0 1
4675 4616 0
4676 4616 0
4677 4616 0
4620    0 0
4621    0 0
4622    0 0
4622    0 1
4683 4622 0
4738 4622 0
4625    0 0
4625    0 1
4683 4625 0
4737 4625 0
4628    0 0
4628    0 1
4860 4628 0
4687 4628 0
4688 4628 0
4632    0 0
4633    0 0
4634    0 0
4634    0 1
4746 4634 0
4692 4634 0
4637    0 0
4637    0 1
4696 4637 0
4697 4637 0
4698 4637 0
4641    0 0
4642    0 0
4643    0 0
4643    0 1
4704 4643 0
4759 4643 0
4646    0 0
4646    0 1
4881 4646 0
4708 4646 0
4709 4646 0
4650    0 0
4650    0 1
4886 4650 0
4710 4650 0
4711 4650 0
4654    0 0
4654    0 1
4891 4654 0
4712 4654 0
4713 4654 0
4658    0 0
4658    0 1
4896 4658 0
4714 4658 0
4715 4658 0
4662    0 0
4662    0 1
4901 4662 0
4716 4662 0
4717 4662 0
4666    0 0
4667    0 0
4668    0 0
4668    0 1
4779 4668 0
4721 4668 0
4671    0 0
4671    0 1
4725 4671 0
4726 4671 0
4727 4671 0
4675    0 0
4676    0 0
4677    0 0
4677    0 1
4733 4677 0
4792 4677 0
4680    0 0
4680    0 1
4733 4680 0
4791 4680 0
4683    0 0
4683    0 1
4922 4683 0
4737 4683 0
4738 4683 0
4687    0 0
4688    0 0
4689    0 0
4689    0 1
4800 4689 0
4742 4689 0
4692    0 0
4692    0 1
4746 4692 0
4747 4692 0
4748 4692 0
4696    0 0
4697    0 0
4698    0 0
4698    0 1
4754 4698 0
4813 4698 0
4701    0 0
4701    0 1
4754 4701 0
4812 4701 0
4704    0 0
4704    0 1
4943 4704 0
4758 4704 0
4759 4704 0
4708    0 0
4709    0 0
4710    0 0
4711    0 0
4712    0 0
4713    0 0
4714    0 0
4715    0 0
4716    0 0
4717    0 0
4718    0 0
4718    0 1
4837 4718 0
4775 4718 0
4721    0 0
4721    0 1
4779 4721 0
4780 4721 0
4781 4721 0
4725    0 0
4726    0 0
4727    0 0
4727    0 1
4787 4727 0
4850 4727 0
4730    0 0
4730    0 1
4787 4730 0
4849 4730 0
4733    0 0
4733    0 1
4974 4733 0
4791 4733 0
4792 4733 0
4737    0 0
4738    0 0
4739    0 0
4739    0 1
4858 4739 0
4796 4739 0
4742    0 0
4742    0 1
4800 4742 0
4801 4742 0
4802 4742 0
4746    0 0
4747    0 0
4748    0 0
4748    0 1
4808 4748 0
4871 4748 0
4751    0 0
4751    0 1
4808 4751 0
4870 4751 0
4754    0 0
4754    0 1
4995 4754 0
4812 4754 0
4813 4754 0
4758    0 0
4759    0 0
4760    0 0
4760    0 1
4879 4760 0
4817 4760 0
4763    0 0
4763    0 1
4884 4763 0
4821 4763 0
4766    0 0
4766    0 1
4889 4766 0
4825 4766 0
4769    0 0
4769    0 1
4894 4769 0
4829 4769 0
4772    0 0
4772    0 1
4899 4772 0
4833 4772 0
4775    0 0
4775    0 1
4837 4775 0
4838 4775 0
4839 4775 0
4779    0 0
4780    0 0
4781    0 0
4781    0 1
4845 4781 0
4912 4781 0
4784    0 0
4784    0 1
4845 4784 0
4911 4784 0
4787    0 0
4787    0 1
5032 4787 0
4849 4787 0
4850 4787 0
4791    0 0
4792    0 0
4793    0 0
4793    0 1
4920 4793 0
4854 4793 0
4796    0 0
4796    0 1
4858 4796 0
4859 4796 0
4860 4796 0
4800    0 0
4801    0 0
4802    0 0
4802    0 1
4866 4802 0
4933 4802 0
4805    0 0
4805    0 1
4866 4805 0
4932 4805 0
4808    0 0
4808    0 1
5053 4808 0
4870 4808 0
4871 4808 0
4812    0 0
4813    0 0
4814    0 0
4814    0 1
4941 4814 0
4875 4814 0
4817    0 0
4817    0 1
4879 4817 0
4880 4817 0
4881 4817 0
4821    0 0
4821    0 1
4884 4821 0
4885 4821 0
4886 4821 0
4825    0 0
4825    0 1
4889 4825 0
4890 4825 0
4891 4825 0
4829    0 0
4829    0 1
4894 4829 0
4895 4829 0
4896 4829 0
4833    0 0
4833    0 1
4899 4833 0
4900 4833 0
4901 4833 0
4837    0 0
4838    0 0
4839    0 0
4839    0 1
4907 4839 0
4964 4839 0
4842    0 0
4842    0 1
4907 4842 0
4963 4842 0
4845    0 0
4845    0 1
5082 4845 0
4911 4845 0
4912 4845 0
4849    0 0
4850    0 0
4851    0 0
4851    0 1
4972 4851 0
4916 4851 0
4854    0 0
4854    0 1
4920 4854 0
4921 4854 0
4922 4854 0
4858    0 0
4859    0 0
4860    0 0
4860    0 1
4928 4860 0
4985 4860 0
4863    0 0
4863    0 1
4928 4863 0
4984 4863 0
4866    0 0
4866    0 1
5103 4866 0
4932 4866 0
4933 4866 0
4870    0 0
4871    0 0
4872    0 0
4872    0 1
4993 4872 0
4937 4872 0
4875    0 0
4875    0 1
4941 4875 0
4942 4875 0
4943 4875 0
4879    0 0
4880    0 0
4881    0 0
4881    0 1
5005 4881 0
5066 4881 0
4884    0 0
4885    0 0
4886    0 0
4886    0 1
5009 4886 0
5068 4886 0
4889    0 0
4890    0 0
4891    0 0
4891    0 1
5013 4891 0
5070 4891 0
4894    0 0
4895    0 0
4896    0 0
4896    0 1
5017 4896 0
5072 4896 0
4899    0 0
4900    0 0
4901    0 0
4901    0 1
4959 4901 0
5022 4901 0
4904    0 0
4904    0 1
4959 4904 0
5021 4904 0
4907    0 0
4907    0 1
5136 4907 0
4963 4907 0
4964 4907 0
4911    0 0
4912    0 0
4913    0 0
4913    0 1
5030 4913 0
4968 4913 0
4916    0 0
4916    0 1
4972 4916 0
4973 4916 0
4974 4916 0
4920    0 0
4921    0 0
4922    0 0
4922    0 1
4980 4922 0
5043 4922 0
4925    0 0
4925    0 1
4980 4925 0
5042 4925 0
4928    0 0
4928    0 1
5157 4928 0
4984 4928 0
4985 4928 0
4932    0 0
4933    0 0
4934    0 0
4934    0 1
5051 4934 0
4989 4934 0
4937    0 0
4937    0 1
4993 4937 0
4994 4937 0
4995 4937 0
4941    0 0
4942    0 0
4943    0 0
4943    0 1
5001 4943 0
5064 4943 0
4946    0 0
4946    0 1
4947    0 0
4947    0 1
5005 4947 0
5065 4947 0
4950    0 0
4950    0 1
5009 4950 0
5067 4950 0
4953    0 0
4953    0 1
5013 4953 0
5069 4953 0
4956    0 0
4956    0 1
5017 4956 0
5071 4956 0
4959    0 0
4959    0 1
5194 4959 0
5021 4959 0
5022 4959 0
4963    0 0
4964    0 0
4965    0 0
4965    0 1
5080 4965 0
5026 4965 0
4968    0 0
4968    0 1
5030 4968 0
5031 4968 0
5032 4968 0
4972    0 0
4973    0 0
4974    0 0
4974    0 1
5038 4974 0
5093 4974 0
4977    0 0
4977    0 1
5038 4977 0
5092 4977 0
4980    0 0
4980    0 1
5215 4980 0
5042 4980 0
5043 4980 0
4984    0 0
4985    0 0
4986    0 0
4986    0 1
5101 4986 0
5047 4986 0
4989    0 0
4989    0 1
5051 4989 0
5052 4989 0
5053 4989 0
4993    0 0
4994    0 0
4995    0 0
4995    0 1
5059 4995 0
5114 4995 0
4998    0 0
4998    0 1
5059 4998 0
5113 4998 0
5001    0 0
5001    0 1
5236 5001 0
5063 5001 0
5064 5001 0
5005    0 0
5005    0 1
5241 5005 0
5065 5005 0
5066 5005 0
5009    0 0
5009    0 1
5246 5009 0
5067 5009 0
5068 5009 0
5013    0 0
5013    0 1
5251 5013 0
5069 5013 0
5070 5013 0
5017    0 0
5017    0 1
5256 5017 0
5071 5017 0
5072 5017 0
5021    0 0
5022    0 0
5023    0 0
5023    0 1
5134 5023 0
5076 5023 0
5026    0 0
5026    0 1
5080 5026 0
5081 5026 0
5082 5026 0
5030    0 0
5031    0 0
5032    0 0
5032    0 1
5088 5032 0
5147 5032 0
5035    0 0
5035    0 1
5088 5035 0
5146 5035 0
5038    0 0
5038    0 1
5277 5038 0
5092 5038 0
5093 5038 0
5042    0 0
5043    0 0
5044    0 0
5044    0 1
5155 5044 0
5097 5044 0
5047    0 0
5047    0 1
5101 5047 0
5102 5047 0
5103 5047 0
5051    0 0
5052    0 0
5053    0 0
5053    0 1
5109 5053 0
5168 5053 0
5056    0 0
5056    0 1
5109 5056 0
5167 5056 0
5059    0 0
5059    0 1
5298 5059 0
5113 5059 0
5114 5059 0
5063    0 0
5064    0 0
5065    0 0
5066    0 0
5067    0 0
5068    0 0
5069    0 0
5070    0 0
5071    0 0
5072    0 0
5073    0 0
5073    0 1
5192 5073 0
5130 5073 0
5076    0 0
5076    0 1
5134 5076 0
5135 5076 0
5136 5076 0
5080    0 0
5081    0 0
5082    0 0
5082    0 1
5142 5082 0
5205 5082 0
5085    0 0
5085    0 1
5142 5085 0
5204 5085 0
5088    0 0
5088    0 1
5333 5088 0
5146 5088 0
5147 5088 0
5092    0 0
5093    0 0
5094    0 0
5094    0 1
5213 5094 0
5151 5094 0
5097    0 0
5097    0 1
5155 5097 0
5156 5097 0
5157 5097 0
5101    0 0
5102    0 0
5103    0 0
5103    0 1
5163 5103 0
5226 5103 0
5106    0 0
5106    0 1
5163 5106 0
5225 5106 0
5109    0 0
5109    0 1
5354 5109 0
5167 5109 0
5168 5109 0
5113    0 0
5114    0 0
5115    0 0
5115    0 1
5234 5115 0
5172 5115 0
5118    0 0
5118    0 1
5239 5118 0
5176 5118 0
5121    0 0
5121    0 1
5244 5121 0
5180 5121 0
5124    0 0
5124    0 1
5249 5124 0
5184 5124 0
5127    0 0
5127    0 1
5254 5127 0
5188 5127 0
5130    0 0
5130    0 1
5192 5130 0
5193 5130 0
5194 5130 0
5134    0 0
5135    0 0
5136    0 0
5136    0 1
5200 5136 0
5267 5136 0
5139    0 0
5139    0 1
5200 5139 0
5266 5139 0
5142    0 0
5142    0 1
5389 5142 0
5204 5142 0
5205 5142 0
5146    0 0
5147    0 0
5148    0 0
5148    0 1
5275 5148 0
5209 5148 0
5151    0 0
5151    0 1
5213 5151 0
5214 5151 0
5215 5151 0
5155    0 0
5156    0 0
5157    0 0
5157    0 1
5221 5157 0
5288 5157 0
5160    0 0
5160    0 1
5221 5160 0
5287 5160 0
5163    0 0
5163    0 1
5410 5163 0
5225 5163 0
5226 5163 0
5167    0 0
5168    0 0
5169    0 0
5169    0 1
5296 5169 0
5230 5169 0
5172    0 0
5172    0 1
5234 5172 0
5235 5172 0
5236 5172 0
5176    0 0
5176    0 1
5239 5176 0
5240 5176 0
5241 5176 0
5180    0 0
5180    0 1
5244 5180 0
5245 5180 0
5246 5180 0
5184    0 0
5184    0 1
5249 5184 0
5250 5184 0
5251 5184 0
5188    0 0
5188    0 1
5254 5188 0
5255 5188 0
5256 5188 0
5192    0 0
5193    0 0
5194    0 0
5194    0 1
5262 5194 0
5323 5194 0
5197    0 0
5197    0 1
5262 5197 0
5322 5197 0
5200    0 0
5200    0 1
5440 5200 0
5266 5200 0
5267 5200 0
5204    0 0
5205    0 0
5206    0 0
5206    0 1
5331 5206 0
5271 5206 0
5209    0 0
5209    0 1
5275 5209 0
5276 5209 0
5277 5209 0
5213    0 0
5214    0 0
5215    0 0
5215    0 1
5283 5215 0
5344 5215 0
5218    0 0
5218    0 1
5283 5218 0
5343 5218 0
5221    0 0
5221    0 1
5461 5221 0
5287 5221 0
5288 5221 0
5225    0 0
5226    0 0
5227    0 0
5227    0 1
5352 5227 0
5292 5227 0
5230    0 0
5230    0 1
5296 5230 0
5297 5230 0
5298 5230 0
5234    0 0
5235    0 0
5236    0 0
5236    0 1
5304 5236 0
5365 5236 0
5239    0 0
5240    0 0
5241    0 0
5241    0 1
5366 5241 0
5426 5241 0
5244    0 0
5245    0 0
5246    0 0
5246    0 1
5370 5246 0
5428 5246 0
5249    0 0
5250    0 0
5251    0 0
5251    0 1
5374 5251 0
5430 5251 0
5254    0 0
5255    0 0
5256    0 0
5256    0 1
5318 5256 0
5379 5256 0
5259    0 0
5259    0 1
5318 5259 0
5378 5259 0
5262    0 0
5262    0 1
5495 5262 0
5322 5262 0
5323 5262 0
5266    0 0
5267    0 0
5268    0 0
5268    0 1
5387 5268 0
5327 5268 0
5271    0 0
5271    0 1
5331 5271 0
5332 5271 0
5333 5271 0
5275    0 0
5276    0 0
5277    0 0
5277    0 1
5339 5277 0
5400 5277 0
5280    0 0
5280    0 1
5339 5280 0
5399 5280 0
5283    0 0
5283    0 1
5516 5283 0
5343 5283 0
5344 5283 0
5287    0 0
5288    0 0
5289    0 0
5289    0 1
5408 5289 0
5348 5289 0
5292    0 0
5292    0 1
5352 5292 0
5353 5292 0
5354 5292 0
5296    0 0
5297    0 0
5298    0 0
5298    0 1
5360 5298 0
5421 5298 0
5301    0 0
5301    0 1
5360 5301 0
5420 5301 0
5304    0 0
5304    0 1
5537 5304 0
5364 5304 0
5365 5304 0
5308    0 0
5308    0 1
5309    0 0
5309    0 1
5366 5309 0
5425 5309 0
5312    0 0
5312    0 1
5370 5312 0
5427 5312 0
5315    0 0
5315    0 1
5374 5315 0
5429 5315 0
5318    0 0
5318    0 1
5554 5318 0
5378 5318 0
5379 5318 0
5322    0 0
5323    0 0
5324    0 0
5324    0 1
5438 5324 0
5383 5324 0
5327    0 0
5327    0 1
5387 5327 0
5388 5327 0
5389 5327 0
5331    0 0
5332    0 0
5333    0 0
5333    0 1
5395 5333 0
5451 5333 0
5336    0 0
5336    0 1
5395 5336 0
5450 5336 0
5339    0 0
5339    0 1
5575 5339 0
5399 5339 0
5400 5339 0
5343    0 0
5344    0 0
5345    0 0
5345    0 1
5459 5345 0
5404 5345 0
5348    0 0
5348    0 1
5408 5348 0
5409 5348 0
5410 5348 0
5352    0 0
5353    0 0
5354    0 0
5354    0 1
5416 5354 0
5472 5354 0
5357    0 0
5357    0 1
5416 5357 0
5471 5357 0
5360    0 0
5360    0 1
5596 5360 0
5420 5360 0
5421 5360 0
5364    0 0
5365    0 0
5366    0 0
5366    0 1
5608 5366 0
5425 5366 0
5426 5366 0
5370    0 0
5370    0 1
5613 5370 0
5427 5370 0
5428 5370 0
5374    0 0
5374    0 1
5618 5374 0
5429 5374 0
5430 5374 0
5378    0 0
5379    0 0
5380    0 0
5380    0 1
5493 5380 0
5434 5380 0
5383    0 0
5383    0 1
5438 5383 0
5439 5383 0
5440 5383 0
5387    0 0
5388    0 0
5389    0 0
5389    0 1
5446 5389 0
5506 5389 0
5392    0 0
5392    0 1
5446 5392 0
5505 5392 0
5395    0 0
5395    0 1
5639 5395 0
5450 5395 0
5451 5395 0
5399    0 0
5400    0 0
5401    0 0
5401    0 1
5514 5401 0
5455 5401 0
5404    0 0
5404    0 1
5459 5404 0
5460 5404 0
5461 5404 0
5408    0 0
5409    0 0
5410    0 0
5410    0 1
5467 5410 0
5527 5410 0
5413    0 0
5413    0 1
5467 5413 0
5526 5413 0
5416    0 0
5416    0 1
5660 5416 0
5471 5416 0
5472 5416 0
5420    0 0
5421    0 0
5422    0 0
5422    0 1
5535 5422 0
5476 5422 0
5425    0 0
5426    0 0
5427    0 0
5428    0 0
5429    0 0
5430    0 0
5431    0 0
5431    0 1
5552 5431 0
5489 5431 0
5434    0 0
5434    0 1
5493 5434 0
5494 5434 0
5495 5434 0
5438    0 0
5439    0 0
5440    0 0
5440    0 1
5501 5440 0
5565 5440 0
5443    0 0
5443    0 1
5501 5443 0
5564 5443 0
5446    0 0
5446    0 1
5694 5446 0
5505 5446 0
5506 5446 0
5450    0 0
5451    0 0
5452    0 0
5452    0 1
5573 5452 0
5510 5452 0
5455    0 0
5455    0 1
5514 5455 0
5515 5455 0
5516 5455 0
5459    0 0
5460    0 0
5461    0 0
5461    0 1
5522 5461 0
5586 5461 0
5464    0 0
5464    0 1
5522 5464 0
5585 5464 0
5467    0 0
5467    0 1
5715 5467 0
5526 5467 0
5527 5467 0
5471    0 0
5472    0 0
5473    0 0
5473    0 1
5594 5473 0
5531 5473 0
5476    0 0
5476    0 1
5535 5476 0
5536 5476 0
5537 5476 0
5480    0 0
5480    0 1
5606 5480 0
5540 5480 0
5483    0 0
5483    0 1
5611 5483 0
5544 5483 0
5486    0 0
5486    0 1
5616 5486 0
5548 5486 0
5489    0 0
5489    0 1
5552 5489 0
5553 5489 0
5554 5489 0
5493    0 0
5494    0 0
5495    0 0
5495    0 1
5560 5495 0
5629 5495 0
5498    0 0
5498    0 1
5560 5498 0
5628 5498 0
5501    0 0
5501    0 1
5749 5501 0
5564 5501 0
5565 5501 0
5505    0 0
5506    0 0
5507    0 0
5507    0 1
5637 5507 0
5569 5507 0
5510    0 0
5510    0 1
5573 5510 0
5574 5510 0
5575 5510 0
5514    0 0
5515    0 0
5516    0 0
5516    0 1
5581 5516 0
5650 5516 0
5519    0 0
5519    0 1
5581 5519 0
5649 5519 0
5522    0 0
5522    0 1
5770 5522 0
5585 5522 0
5586 5522 0
5526    0 0
5527    0 0
5528    0 0
5528    0 1
5658 5528 0
5590 5528 0
5531    0 0
5531    0 1
5594 5531 0
5595 5531 0
5596 5531 0
5535    0 0
5536    0 0
5537    0 0
5537    0 1
5602 5537 0
5671 5537 0
5540    0 0
5540    0 1
5606 5540 0
5607 5540 0
5608 5540 0
5544    0 0
5544    0 1
5611 5544 0
5612 5544 0
5613 5544 0
5548    0 0
5548    0 1
5616 5548 0
5617 5548 0
5618 5548 0
5552    0 0
5553    0 0
5554    0 0
5554    0 1
5624 5554 0
5684 5554 0
5557    0 0
5557    0 1
5624 5557 0
5683 5557 0
5560    0 0
5560    0 1
5798 5560 0
5628 5560 0
5629 5560 0
5564    0 0
5565    0 0
5566    0 0
5566    0 1
5692 5566 0
5633 5566 0
5569    0 0
5569    0 1
5637 5569 0
5638 5569 0
5639 5569 0
5573    0 0
5574    0 0
5575    0 0
5575    0 1
5645 5575 0
5705 5575 0
5578    0 0
5578    0 1
5645 5578 0
5704 5578 0
5581    0 0
5581    0 1
5819 5581 0
5649 5581 0
5650 5581 0
5585    0 0
5586    0 0
5587    0 0
5587    0 1
5713 5587 0
5654 5587 0
5590    0 0
5590    0 1
5658 5590 0
5659 5590 0
5660 5590 0
5594    0 0
5595    0 0
5596    0 0
5596    0 1
5666 5596 0
5726 5596 0
5599    0 0
5599    0 1
5666 5599 0
5725 5599 0
5602    0 0
5602    0 1
6287 5602 0
5670 5602 0
5671 5602 0
5606    0 0
5607    0 0
5608    0 0
5608    0 1
5730 5608 0
5786 5608 0
5611    0 0
5612    0 0
5613    0 0
5613    0 1
5734 5613 0
5788 5613 0
5616    0 0
5617    0 0
5618    0 0
5618    0 1
5679 5618 0
5739 5618 0
5621    0 0
5621    0 1
5679 5621 0
5738 5621 0
5624    0 0
5624    0 1
5846 5624 0
5683 5624 0
5684 5624 0
5628    0 0
5629    0 0
5630    0 0
5630    0 1
5747 5630 0
5688 5630 0
5633    0 0
5633    0 1
5692 5633 0
5693 5633 0
5694 5633 0
5637    0 0
5638    0 0
5639    0 0
5639    0 1
5700 5639 0
5760 5639 0
5642    0 0
5642    0 1
5700 5642 0
5759 5642 0
5645    0 0
5645    0 1
5867 5645 0
5704 5645 0
5705 5645 0
5649    0 0
5650    0 0
5651    0 0
5651    0 1
5768 5651 0
5709 5651 0
5654    0 0
5654    0 1
5713 5654 0
5714 5654 0
5715 5654 0
5658    0 0
5659    0 0
5660    0 0
5660    0 1
5721 5660 0
5781 5660 0
5663    0 0
5663    0 1
5721 5663 0
5780 5663 0
5666    0 0
5666    0 1
6277 5666 0
5725 5666 0
5726 5666 0
5670    0 0
5671    0 0
5672    0 0
5672    0 1
5673    0 0
5673    0 1
5730 5673 0
5785 5673 0
5676    0 0
5676    0 1
5734 5676 0
5787 5676 0
5679    0 0
5679    0 1
5892 5679 0
5738 5679 0
5739 5679 0
5683    0 0
5684    0 0
5685    0 0
5685    0 1
5796 5685 0
5743 5685 0
5688    0 0
5688    0 1
5747 5688 0
5748 5688 0
5749 5688 0
5692    0 0
5693    0 0
5694    0 0
5694    0 1
5755 5694 0
5809 5694 0
5697    0 0
5697    0 1
5755 5697 0
5808 5697 0
5700    0 0
5700    0 1
5913 5700 0
5759 5700 0
5760 5700 0
5704    0 0
5705    0 0
5706    0 0
5706    0 1
5817 5706 0
5764 5706 0
5709    0 0
5709    0 1
5768 5709 0
5769 5709 0
5770 5709 0
5713    0 0
5714    0 0
5715    0 0
5715    0 1
5776 5715 0
5830 5715 0
5718    0 0
5718    0 1
5776 5718 0
5829 5718 0
5721    0 0
5721    0 1
6267 5721 0
5780 5721 0
5781 5721 0
5725    0 0
5726    0 0
5727    0 0
5727    0 1
6285 5727 0
6281 5727 0
5730    0 0
5730    0 1
5930 5730 0
5785 5730 0
5786 5730 0
5734    0 0
5734    0 1
5935 5734 0
5787 5734 0
5788 5734 0
5738    0 0
5739    0 0
5740    0 0
5740    0 1
5844 5740 0
5792 5740 0
5743    0 0
5743    0 1
5796 5743 0
5797 5743 0
5798 5743 0
5747    0 0
5748    0 0
5749    0 0
5749    0 1
5804 5749 0
5857 5749 0
5752    0 0
5752    0 1
5804 5752 0
5856 5752 0
5755    0 0
5755    0 1
5956 5755 0
5808 5755 0
5809 5755 0
5759    0 0
5760    0 0
5761    0 0
5761    0 1
5865 5761 0
5813 5761 0
5764    0 0
5764    0 1
5817 5764 0
5818 5764 0
5819 5764 0
5768    0 0
5769    0 0
5770    0 0
5770    0 1
5825 5770 0
5878 5770 0
5773    0 0
5773    0 1
5825 5773 0
5877 5773 0
5776    0 0
5776    0 1
6257 5776 0
5829 5776 0
5830 5776 0
5780    0 0
5781    0 0
5782    0 0
5782    0 1
6275 5782 0
6271 5782 0
5785    0 0
5786    0 0
5787    0 0
5788    0 0
5789    0 0
5789    0 1
5890 5789 0
5840 5789 0
5792    0 0
5792    0 1
5844 5792 0
5845 5792 0
5846 5792 0
5796    0 0
5797    0 0
5798    0 0
5798    0 1
5852 5798 0
5903 5798 0
5801    0 0
5801    0 1
5852 5801 0
5902 5801 0
5804    0 0
5804    0 1
5990 5804 0
5856 5804 0
5857 5804 0
5808    0 0
5809    0 0
5810    0 0
5810    0 1
5911 5810 0
5861 5810 0
5813    0 0
5813    0 1
5865 5813 0
5866 5813 0
5867 5813 0
5817    0 0
5818    0 0
5819    0 0
5819    0 1
5873 5819 0
5924 5819 0
5822    0 0
5822    0 1
5873 5822 0
5923 5822 0
5825    0 0
5825    0 1
6247 5825 0
5877 5825 0
5878 5825 0
5829    0 0
5830    0 0
5831    0 0
5831    0 1
6265 5831 0
6261 5831 0
5834    0 0
5834    0 1
5928 5834 0
5882 5834 0
5837    0 0
5837    0 1
5933 5837 0
5886 5837 0
5840    0 0
5840    0 1
5890 5840 0
5891 5840 0
5892 5840 0
5844    0 0
5845    0 0
5846    0 0
5846    0 1
5898 5846 0
5946 5846 0
5849    0 0
5849    0 1
5898 5849 0
5945 5849 0
5852    0 0
5852    0 1
6020 5852 0
5902 5852 0
5903 5852 0
5856    0 0
5857    0 0
5858    0 0
5858    0 1
5954 5858 0
5907 5858 0
5861    0 0
5861    0 1
5911 5861 0
5912 5861 0
5913 5861 0
5865    0 0
5866    0 0
5867    0 0
5867    0 1
5919 5867 0
5967 5867 0
5870    0 0
5870    0 1
5919 5870 0
5966 5870 0
5873    0 0
5873    0 1
6237 5873 0
5923 5873 0
5924 5873 0
5877    0 0
5878    0 0
5879    0 0
5879    0 1
6255 5879 0
6251 5879 0
5882    0 0
5882    0 1
5928 5882 0
5929 5882 0
5930 5882 0
5886    0 0
5886    0 1
5933 5886 0
5934 5886 0
5935 5886 0
5890    0 0
5891    0 0
5892    0 0
5892    0 1
5941 5892 0
5980 5892 0
5895    0 0
5895    0 1
5941 5895 0
5979 5895 0
5898    0 0
5898    0 1
6046 5898 0
5945 5898 0
5946 5898 0
5902    0 0
5903    0 0
5904    0 0
5904    0 1
5988 5904 0
5950 5904 0
5907    0 0
5907    0 1
5954 5907 0
5955 5907 0
5956 5907 0
5911    0 0
5912    0 0
5913    0 0
5913    0 1
5962 5913 0
6001 5913 0
5916    0 0
5916    0 1
5962 5916 0
6000 5916 0
5919    0 0
5919    0 1
6227 5919 0
5966 5919 0
5967 5919 0
5923    0 0
5924    0 0
5925    0 0
5925    0 1
6245 5925 0
6241 5925 0
5928    0 0
5929    0 0
5930    0 0
5930    0 1
6005 5930 0
6036 5930 0
5933    0 0
5934    0 0
5935    0 0
5935    0 1
5975 5935 0
6010 5935 0
5938    0 0
5938    0 1
5975 5938 0
6009 5938 0
5941    0 0
5941    0 1
6070 5941 0
5979 5941 0
5980 5941 0
5945    0 0
5946    0 0
5947    0 0
5947    0 1
6018 5947 0
5984 5947 0
5950    0 0
5950    0 1
5988 5950 0
5989 5950 0
5990 5950 0
5954    0 0
5955    0 0
5956    0 0
5956    0 1
5996 5956 0
6031 5956 0
5959    0 0
5959    0 1
5996 5959 0
6030 5959 0
5962    0 0
5962    0 1
6217 5962 0
6000 5962 0
6001 5962 0
5966    0 0
5967    0 0
5968    0 0
5968    0 1
6235 5968 0
6231 5968 0
5971    0 0
5971    0 1
5972    0 0
5972    0 1
6005 5972 0
6035 5972 0
5975    0 0
5975    0 1
6091 5975 0
6009 5975 0
6010 5975 0
5979    0 0
5980    0 0
5981    0 0
5981    0 1
6044 5981 0
6014 5981 0
5984    0 0
5984    0 1
6018 5984 0
6019 5984 0
6020 5984 0
5988    0 0
5989    0 0
5990    0 0
5990    0 1
6026 5990 0
6057 5990 0
5993    0 0
5993    0 1
6026 5993 0
6056 5993 0
5996    0 0
5996    0 1
6207 5996 0
6030 5996 0
6031 5996 0
6000    0 0
6001    0 0
6002    0 0
6002    0 1
6225 6002 0
6221 6002 0
6005    0 0
6005    0 1
6108 6005 0
6035 6005 0
6036 6005 0
6009    0 0
6010    0 0
6011    0 0
6011    0 1
6068 6011 0
6040 6011 0
6014    0 0
6014    0 1
6044 6014 0
6045 6014 0
6046 6014 0
6018    0 0
6019    0 0
6020    0 0
6020    0 1
6052 6020 0
6081 6020 0
6023    0 0
6023    0 1
6052 6023 0
6080 6023 0
6026    0 0
6026    0 1
6197 6026 0
6056 6026 0
6057 6026 0
6030    0 0
6031    0 0
6032    0 0
6032    0 1
6215 6032 0
6211 6032 0
6035    0 0
6036    0 0
6037    0 0
6037    0 1
6089 6037 0
6064 6037 0
6040    0 0
6040    0 1
6068 6040 0
6069 6040 0
6070 6040 0
6044    0 0
6045    0 0
6046    0 0
6046    0 1
6076 6046 0
6102 6046 0
6049    0 0
6049    0 1
6076 6049 0
6101 6049 0
6052    0 0
6052    0 1
6187 6052 0
6080 6052 0
6081 6052 0
6056    0 0
6057    0 0
6058    0 0
6058    0 1
6205 6058 0
6201 6058 0
6061    0 0
6061    0 1
6106 6061 0
6085 6061 0
6064    0 0
6064    0 1
6089 6064 0
6090 6064 0
6091 6064 0
6068    0 0
6069    0 0
6070    0 0
6070    0 1
6097 6070 0
6119 6070 0
6073    0 0
6073    0 1
6097 6073 0
6118 6073 0
6076    0 0
6076    0 1
6177 6076 0
6101 6076 0
6102 6076 0
6080    0 0
6081    0 0
6082    0 0
6082    0 1
6195 6082 0
6191 6082 0
6085    0 0
6085    0 1
6106 6085 0
6107 6085 0
6108 6085 0
6089    0 0
6090    0 0
6091    0 0
6091    0 1
6114 6091 0
6129 6091 0
6094    0 0
6094    0 1
6114 6094 0
6128 6094 0
6097    0 0
6097    0 1
6167 6097 0
6118 6097 0
6119 6097 0
6101    0 0
6102    0 0
6103    0 0
6103    0 1
6185 6103 0
6181 6103 0
6106    0 0
6107    0 0
6108    0 0
6108    0 1
6124 6108 0
6134 6108 0
6111    0 0
6111    0 1
6124 6111 0
6133 6111 0
6114    0 0
6114    0 1
6157 6114 0
6128 6114 0
6129 6114 0
6118    0 0
6119    0 0
6120    0 0
6120    0 1
6175 6120 0
6171 6120 0
6123    0 0
6123    0 1
6124    0 0
6124    0 1
6147 6124 0
6133 6124 0
6134 6124 0
6128    0 0
6129    0 0
6130    0 0
6130    0 1
6165 6130 0
6161 6130 0
6133    0 0
6134    0 0
6135    0 0
6135    0 1
6155 6135 0
6151 6135 0
6138    0 0
6138    0 1
6145 6138 0
6141    0 0
6141    0 1
6145 6141 0
6147 6141 0
6145    0 0
6146    0 0
6147    0 0
6147    0 1
6156 6147 0
6151 6147 0
6150    0 0
6150    0 1
6151    0 0
6151    0 1
6155 6151 0
6156 6151 0
6157 6151 0
6155    0 0
6156    0 0
6157    0 0
6157    0 1
6166 6157 0
6161 6157 0
6160    0 0
6160    0 1
6161    0 0
6161    0 1
6165 6161 0
6166 6161 0
6167 6161 0
6165    0 0
6166    0 0
6167    0 0
6167    0 1
6176 6167 0
6171 6167 0
6170    0 0
6170    0 1
6171    0 0
6171    0 1
6175 6171 0
6176 6171 0
6177 6171 0
6175    0 0
6176    0 0
6177    0 0
6177    0 1
6186 6177 0
6181 6177 0
6180    0 0
6180    0 1
6181    0 0
6181    0 1
6185 6181 0
6186 6181 0
6187 6181 0
6185    0 0
6186    0 0
6187    0 0
6187    0 1
6196 6187 0
6191 6187 0
6190    0 0
6190    0 1
6191    0 0
6191    0 1
6195 6191 0
6196 6191 0
6197 6191 0
6195    0 0
6196    0 0
6197    0 0
6197    0 1
6206 6197 0
6201 6197 0
6200    0 0
6200    0 1
6201    0 0
6201    0 1
6205 6201 0
6206 6201 0
6207 6201 0
6205    0 0
6206    0 0
6207    0 0
6207    0 1
6216 6207 0
6211 6207 0
6210    0 0
6210    0 1
6211    0 0
6211    0 1
6215 6211 0
6216 6211 0
6217 6211 0
6215    0 0
6216    0 0
6217    0 0
6217    0 1
6226 6217 0
6221 6217 0
6220    0 0
6220    0 1
6221    0 0
6221    0 1
6225 6221 0
6226 6221 0
6227 6221 0
6225    0 0
6226    0 0
6227    0 0
6227    0 1
6236 6227 0
6231 6227 0
6230    0 0
6230    0 1
6231    0 0
6231    0 1
6235 6231 0
6236 6231 0
6237 6231 0
6235    0 0
6236    0 0
6237    0 0
6237    0 1
6246 6237 0
6241 6237 0
6240    0 0
6240    0 1
6241    0 0
6241    0 1
6245 6241 0
6246 6241 0
6247 6241 0
6245    0 0
6246    0 0
6247    0 0
6247    0 1
6256 6247 0
6251 6247 0
6250    0 0
6250    0 1
6251    0 0
6251    0 1
6255 6251 0
6256 6251 0
6257 6251 0
6255    0 0
6256    0 0
6257    0 0
6257    0 1
6266 6257 0
6261 6257 0
6260    0 0
6260    0 1
6261    0 0
6261    0 1
6265 6261 0
6266 6261 0
6267 6261 0
6265    0 0
6266    0 0
6267    0 0
6267    0 1
6276 6267 0
6271 6267 0
6270    0 0
6270    0 1
6271    0 0
6271    0 1
6275 6271 0
6276 6271 0
6277 6271 0
6275    0 0
6276    0 0
6277    0 0
6277    0 1
6286 6277 0
6281 6277 0
6280    0 0
6280    0 1
6281    0 0
6281    0 1
6285 6281 0
6286 6281 0
6287 6281 0
6285    0 0
6286    0 0
6287    0 0
6287    0 1
6288    0 0
6288    0 1
