1	PI	266	314	362	394	1132	1228
8	PI	266	320	363	398	1135	1230
15	PI	269	326	364	402	1138	1232
22	PI	269	332	365	406	1141	1234
29	PI	272	314	366	395	1144	1236
36	PI	272	320	367	399	1147	1238
43	PI	275	326	368	403	1150	1240
50	PI	275	332	369	407	1153	1242
57	PI	278	317	370	396	1156	1244
64	PI	278	323	371	400	1159	1246
71	PI	281	329	372	404	1162	1248
78	PI	281	335	373	408	1165	1250
85	PI	284	317	374	397	1168	1252
92	PI	284	323	375	401	1171	1254
99	PI	287	329	376	405	1174	1256
106	PI	287	335	377	409	1177	1258
113	PI	290	338	378	410	1180	1260
120	PI	290	344	379	414	1183	1262
127	PI	293	350	380	418	1186	1264
134	PI	293	356	381	422	1189	1266
141	PI	296	338	382	411	1192	1268
148	PI	296	344	383	415	1195	1270
155	PI	299	350	384	419	1198	1272
162	PI	299	356	385	423	1201	1274
169	PI	302	341	386	412	1204	1276
176	PI	302	347	387	416	1207	1278
183	PI	305	353	388	420	1210	1280
190	PI	305	359	389	424	1213	1282
197	PI	308	341	390	413	1216	1284
204	PI	308	347	391	417	1219	1286
211	PI	311	353	392	421	1222	1288
218	PI	311	359	393	425	1225	1290
225	PI	242
226	PI	245
227	PI	248
228	PI	251
229	PI	254
230	PI	257
231	PI	260
232	PI	263
233	PI	242	245	248	251	254	257	260	263
242	AND	730	754
245	AND	733	756
248	AND	736	758
251	AND	739	760
254	AND	742	762
257	AND	745	764
260	AND	748	766
263	AND	751	768
266	NAND	362	363
269	NAND	364	365
272	NAND	366	367
275	NAND	368	369
278	NAND	370	371
281	NAND	372	373
284	NAND	374	375
287	NAND	376	377
290	NAND	378	379
293	NAND	380	381
296	NAND	382	383
299	NAND	384	385
302	NAND	386	387
305	NAND	388	389
308	NAND	390	391
311	NAND	392	393
314	NAND	394	395
317	NAND	396	397
320	NAND	398	399
323	NAND	400	401
326	NAND	402	403
329	NAND	404	405
332	NAND	406	407
335	NAND	408	409
338	NAND	410	411
341	NAND	412	413
344	NAND	414	415
347	NAND	416	417
350	NAND	418	419
353	NAND	420	421
356	NAND	422	423
359	NAND	424	425
362	NAND	426
363	NAND	426
364	NAND	429
365	NAND	429
366	NAND	432
367	NAND	432
368	NAND	435
369	NAND	435
370	NAND	438
371	NAND	438
372	NAND	441
373	NAND	441
374	NAND	444
375	NAND	444
376	NAND	447
377	NAND	447
378	NAND	450
379	NAND	450
380	NAND	453
381	NAND	453
382	NAND	456
383	NAND	456
384	NAND	459
385	NAND	459
386	NAND	462
387	NAND	462
388	NAND	465
389	NAND	465
390	NAND	468
391	NAND	468
392	NAND	471
393	NAND	471
394	NAND	474
395	NAND	474
396	NAND	477
397	NAND	477
398	NAND	480
399	NAND	480
400	NAND	483
401	NAND	483
402	NAND	486
403	NAND	486
404	NAND	489
405	NAND	489
406	NAND	492
407	NAND	492
408	NAND	495
409	NAND	495
410	NAND	498
411	NAND	498
412	NAND	501
413	NAND	501
414	NAND	504
415	NAND	504
416	NAND	507
417	NAND	507
418	NAND	510
419	NAND	510
420	NAND	513
421	NAND	513
422	NAND	516
423	NAND	516
424	NAND	519
425	NAND	519
426	NAND	522	570
429	NAND	522	571
432	NAND	525	572
435	NAND	525	573
438	NAND	528	574
441	NAND	528	575
444	NAND	531	576
447	NAND	531	577
450	NAND	534	578
453	NAND	534	579
456	NAND	537	580
459	NAND	537	581
462	NAND	540	582
465	NAND	540	583
468	NAND	543	584
471	NAND	543	585
474	NAND	546	586
477	NAND	546	587
480	NAND	549	588
483	NAND	549	589
486	NAND	552	590
489	NAND	552	591
492	NAND	555	592
495	NAND	555	593
498	NAND	558	594
501	NAND	558	595
504	NAND	561	596
507	NAND	561	597
510	NAND	564	598
513	NAND	564	599
516	NAND	567	600
519	NAND	567	601
522	NAND	570	571
525	NAND	572	573
528	NAND	574	575
531	NAND	576	577
534	NAND	578	579
537	NAND	580	581
540	NAND	582	583
543	NAND	584	585
546	NAND	586	587
549	NAND	588	589
552	NAND	590	591
555	NAND	592	593
558	NAND	594	595
561	NAND	596	597
564	NAND	598	599
567	NAND	600	601
570	NAND	602
571	NAND	602
572	NAND	607
573	NAND	607
574	NAND	612
575	NAND	612
576	NAND	617
577	NAND	617
578	NAND	622
579	NAND	622
580	NAND	627
581	NAND	627
582	NAND	632
583	NAND	632
584	NAND	637
585	NAND	637
586	NAND	642
587	NAND	642
588	NAND	645
589	NAND	645
590	NAND	648
591	NAND	648
592	NAND	651
593	NAND	651
594	NAND	654
595	NAND	654
596	NAND	657
597	NAND	657
598	NAND	660
599	NAND	660
600	NAND	663
601	NAND	663
602	NAND	666	672	690	694
607	NAND	666	675	691	696
612	NAND	669	672	692	695
617	NAND	669	675	693	697
622	NAND	678	684	698	702
627	NAND	678	687	699	704
632	NAND	681	684	700	703
637	NAND	681	687	701	705
642	NAND	794	818
645	NAND	797	820
648	NAND	800	822
651	NAND	803	824
654	NAND	806	826
657	NAND	809	828
660	NAND	812	830
663	NAND	815	832
666	NAND	690	691
669	NAND	692	693
672	NAND	694	695
675	NAND	696	697
678	NAND	698	699
681	NAND	700	701
684	NAND	702	703
687	NAND	704	705
690	NAND	706
691	NAND	706
692	NAND	709
693	NAND	709
694	NAND	712
695	NAND	712
696	NAND	715
697	NAND	715
698	NAND	718
699	NAND	718
700	NAND	721
701	NAND	721
702	NAND	724
703	NAND	724
704	NAND	727
705	NAND	727
706	NAND	742	763
709	NAND	745	765
712	NAND	748	767
715	NAND	751	769
718	NAND	730	755
721	NAND	733	757
724	NAND	736	759
727	NAND	739	761
730	NAND	754	755
733	NAND	756	757
736	NAND	758	759
739	NAND	760	761
742	NAND	762	763
745	NAND	764	765
748	NAND	766	767
751	NAND	768	769
754	NAND	770
755	NAND	770
756	NAND	773
757	NAND	773
758	NAND	776
759	NAND	776
760	NAND	779
761	NAND	779
762	NAND	782
763	NAND	782
764	NAND	785
765	NAND	785
766	NAND	788
767	NAND	788
768	NAND	791
769	NAND	791
770	NAND	794	819
773	NAND	797	821
776	NAND	800	823
779	NAND	803	825
782	NAND	806	827
785	NAND	809	829
788	NAND	812	831
791	NAND	815	833
794	NAND	818	819
797	NAND	820	821
800	NAND	822	823
803	NAND	824	825
806	NAND	826	827
809	NAND	828	829
812	NAND	830	831
815	NAND	832	833
818	NAND	834
819	NAND	834
820	NAND	847
821	NAND	847
822	NAND	860
823	NAND	860
824	NAND	873
825	NAND	873
826	NAND	925
827	NAND	925
828	NAND	886
829	NAND	886
830	NAND	912
831	NAND	912
832	NAND	899
833	NAND	899
834	NAND	938	941	944	974	976	981	1016	1021	1036	1048	1060	1072
847	NAND	939	942	947	970	972	980	1026	1031	1039	1051	1063	1075
860	NAND	940	945	948	973	977	979	1016	1026	1042	1054	1066	1078
873	NAND	943	946	949	971	975	978	1021	1031	1045	1057	1069	1081
886	NAND	950	952	959	962	967	984	1006	1011	1087	1099	1111	1123
899	NAND	951	955	963	966	969	982	1001	1011	1093	1105	1117	1129
912	NAND	953	957	960	965	968	983	996	1006	1090	1102	1114	1126
925	NAND	954	956	958	961	964	985	996	1001	1084	1096	1108	1120
938	NOT	978
939	NOT	978
940	NOT	978
941	NOT	979
942	NOT	979
943	NOT	979
944	NOT	980
945	NOT	980
946	NOT	980
947	NOT	981
948	NOT	981
949	NOT	981
950	NOT	996
951	NOT	996
952	NOT	1001
953	NOT	1001
954	NOT	1006
955	NOT	1006
956	NOT	1011
957	NOT	1011
958	NOT	982
959	NOT	982
960	NOT	982
961	NOT	983
962	NOT	983
963	NOT	983
964	NOT	984
965	NOT	984
966	NOT	984
967	NOT	985
968	NOT	985
969	NOT	985
970	NOT	1016
971	NOT	1016
972	NOT	1021
973	NOT	1021
974	NOT	1026
975	NOT	1026
976	NOT	1031
977	NOT	1031
978	AND	986
979	AND	986
980	AND	986
981	AND	986
982	AND	991
983	AND	991
984	AND	991
985	AND	991
986	OR	996	1001	1006	1011
991	OR	1016	1021	1026	1031
996	AND	1036	1039	1042	1045
1001	AND	1048	1051	1054	1057
1006	AND	1060	1063	1066	1069
1011	AND	1072	1075	1078	1081
1016	AND	1084	1087	1090	1093
1021	AND	1096	1099	1102	1105
1026	AND	1108	1111	1114	1117
1031	AND	1120	1123	1126	1129
1036	AND	1132	1229
1039	AND	1135	1231
1042	AND	1138	1233
1045	AND	1141	1235
1048	AND	1144	1237
1051	AND	1147	1239
1054	AND	1150	1241
1057	AND	1153	1243
1060	AND	1156	1245
1063	AND	1159	1247
1066	AND	1162	1249
1069	AND	1165	1251
1072	AND	1168	1253
1075	AND	1171	1255
1078	AND	1174	1257
1081	AND	1177	1259
1084	AND	1180	1261
1087	AND	1183	1263
1090	AND	1186	1265
1093	AND	1189	1267
1096	AND	1192	1269
1099	AND	1195	1271
1102	AND	1198	1273
1105	AND	1201	1275
1108	AND	1204	1277
1111	AND	1207	1279
1114	AND	1210	1281
1117	AND	1213	1283
1120	AND	1216	1285
1123	AND	1219	1287
1126	AND	1222	1289
1129	AND	1225	1291
1132	NAND	1228	1229
1135	NAND	1230	1231
1138	NAND	1232	1233
1141	NAND	1234	1235
1144	NAND	1236	1237
1147	NAND	1238	1239
1150	NAND	1240	1241
1153	NAND	1242	1243
1156	NAND	1244	1245
1159	NAND	1246	1247
1162	NAND	1248	1249
1165	NAND	1250	1251
1168	NAND	1252	1253
1171	NAND	1254	1255
1174	NAND	1256	1257
1177	NAND	1258	1259
1180	NAND	1260	1261
1183	NAND	1262	1263
1186	NAND	1264	1265
1189	NAND	1266	1267
1192	NAND	1268	1269
1195	NAND	1270	1271
1198	NAND	1272	1273
1201	NAND	1274	1275
1204	NAND	1276	1277
1207	NAND	1278	1279
1210	NAND	1280	1281
1213	NAND	1282	1283
1216	NAND	1284	1285
1219	NAND	1286	1287
1222	NAND	1288	1289
1225	NAND	1290	1291
1228	NAND	1292
1229	NAND	1292
1230	NAND	1293
1231	NAND	1293
1232	NAND	1294
1233	NAND	1294
1234	NAND	1295
1235	NAND	1295
1236	NAND	1296
1237	NAND	1296
1238	NAND	1297
1239	NAND	1297
1240	NAND	1298
1241	NAND	1298
1242	NAND	1299
1243	NAND	1299
1244	NAND	1300
1245	NAND	1300
1246	NAND	1301
1247	NAND	1301
1248	NAND	1302
1249	NAND	1302
1250	NAND	1303
1251	NAND	1303
1252	NAND	1304
1253	NAND	1304
1254	NAND	1305
1255	NAND	1305
1256	NAND	1306
1257	NAND	1306
1258	NAND	1307
1259	NAND	1307
1260	NAND	1308
1261	NAND	1308
1262	NAND	1309
1263	NAND	1309
1264	NAND	1310
1265	NAND	1310
1266	NAND	1311
1267	NAND	1311
1268	NAND	1312
1269	NAND	1312
1270	NAND	1313
1271	NAND	1313
1272	NAND	1314
1273	NAND	1314
1274	NAND	1315
1275	NAND	1315
1276	NAND	1316
1277	NAND	1316
1278	NAND	1317
1279	NAND	1317
1280	NAND	1318
1281	NAND	1318
1282	NAND	1319
1283	NAND	1319
1284	NAND	1320
1285	NAND	1320
1286	NAND	1321
1287	NAND	1321
1288	NAND	1322
1289	NAND	1322
1290	NAND	1323
1291	NAND	1323
1292	NAND	1324
1293	NAND	1325
1294	NAND	1326
1295	NAND	1327
1296	NAND	1328
1297	NAND	1329
1298	NAND	1330
1299	NAND	1331
1300	NAND	1332
1301	NAND	1333
1302	NAND	1334
1303	NAND	1335
1304	NAND	1336
1305	NAND	1337
1306	NAND	1338
1307	NAND	1339
1308	NAND	1340
1309	NAND	1341
1310	NAND	1342
1311	NAND	1343
1312	NAND	1344
1313	NAND	1345
1314	NAND	1346
1315	NAND	1347
1316	NAND	1348
1317	NAND	1349
1318	NAND	1350
1319	NAND	1351
1320	NAND	1352
1321	NAND	1353
1322	NAND	1354
1323	NAND	1355
1324	BUFF	1356
1325	BUFF	1357
1326	BUFF	1358
1327	BUFF	1359
1328	BUFF	1360
1329	BUFF	1361
1330	BUFF	1362
1331	BUFF	1363
1332	BUFF	1364
1333	BUFF	1365
1334	BUFF	1366
1335	BUFF	1367
1336	BUFF	1368
1337	BUFF	1369
1338	BUFF	1370
1339	BUFF	1371
1340	BUFF	1372
1341	BUFF	1373
1342	BUFF	1374
1343	BUFF	1375
1344	BUFF	1376
1345	BUFF	1377
1346	BUFF	1378
1347	BUFF	1379
1348	BUFF	1380
1349	BUFF	1381
1350	BUFF	1382
1351	BUFF	1383
1352	BUFF	1384
1353	BUFF	1385
1354	BUFF	1386
1355	BUFF	1387
1356	PO
1357	PO
1358	PO
1359	PO
1360	PO
1361	PO
1362	PO
1363	PO
1364	PO
1365	PO
1366	PO
1367	PO
1368	PO
1369	PO
1370	PO
1371	PO
1372	PO
1373	PO
1374	PO
1375	PO
1376	PO
1377	PO
1378	PO
1379	PO
1380	PO
1381	PO
1382	PO
1383	PO
1384	PO
1385	PO
1386	PO
1387	PO
