   1    0 0
   1    0 1
1146    1 1
   4    0 0
   4    0 1
6104    4 1
6106    4 1
6107    4 1
6101    4 1
6664    4 1
  11    0 0
  11    0 1
3660   11 1
3641   11 1
  14    0 0
  14    0 1
3650   14 1
3658   14 1
  17    0 0
  17    0 1
2620   17 1
2612   17 1
  20    0 0
  20    0 1
2611   20 1
2619   20 1
  23    0 1
  24    0 1
  25    0 1
  26    0 1
  27    0 0
  27    0 1
1583   27 1
1150   27 1
1475   27 1
  31    0 0
  31    0 1
1583   31 1
1475   31 1
  34    0 0
  34    0 1
3740   34 1
3741   34 1
  37    0 0
  37    0 1
2610   37 1
2618   37 1
  40    0 0
  40    0 1
2617   40 1
2609   40 1
  43    0 0
  43    0 1
3646   43 1
3654   43 1
  46    0 0
  46    0 1
3643   46 1
3651   46 1
  49    0 0
  49    0 1
2607   49 1
2615   49 1
  52    0 1
  53    0 1
  54    0 0
  54    0 1
6161   54 1
6163   54 1
5119   54 1
6158   54 1
6693   54 1
  61    0 0
  61    0 1
2626   61 1
2605   61 1
  64    0 0
  64    0 1
2622   64 1
2614   64 1
  67    0 0
  67    0 1
3649   67 1
3657   67 1
  70    0 0
  70    0 1
2613   70 1
2621   70 1
  73    0 0
  73    0 1
3656   73 1
3648   73 1
  76    0 0
  76    0 1
3647   76 1
3655   76 1
  79    0 1
  80    0 1
  81    0 1
  82    0 1
  83    0 0
  83    0 1
3738   83 1
2969   83 1
  86    0 1
  87    0 1
  88    0 0
  88    0 1
2971   88 1
2972   88 1
  91    0 0
  91    0 1
3645   91 1
3653   91 1
  94    0 0
  94    0 1
3072   94 1
3074   94 1
  97    0 0
  97    0 1
3071   97 1
3073   97 1
 100    0 0
 100    0 1
3644  100 1
3652  100 1
 103    0 0
 103    0 1
2608  103 1
2616  103 1
 106    0 0
 106    0 1
2606  106 1
2604  106 1
 109    0 0
 109    0 1
3642  109 1
3638  109 1
 112    0 1
 113    0 1
 114    0 1
 115    0 1
 116    0 1
 117    0 1
 118    0 1
 119    0 1
 120    0 1
 121    0 1
 122    0 1
 123    0 0
 123    0 1
3809  123 1
2624  123 1
 126    0 1
 127    0 1
 128    0 1
 129    0 1
 130    0 1
 131    0 1
 132    0 0
 132    0 1
6478  132 1
6880  132 1
 135    0 1
 136    0 1
 137    0 0
 137    0 1
 140    0 1
 141    0 0
 141    0 1
1147  141 1
 145    0 1
 146    0 0
 146    0 1
2594  146 1
2603  146 1
 149    0 0
 149    0 1
3635  149 1
3624  149 1
 152    0 0
 152    0 1
2602  152 1
2593  152 1
 155    0 0
 155    0 1
3623  155 1
3634  155 1
 158    0 0
 158    0 1
2592  158 1
2601  158 1
 161    0 0
 161    0 1
2599  161 1
2589  161 1
 164    0 0
 164    0 1
2588  164 1
2598  164 1
 167    0 0
 167    0 1
2597  167 1
2587  167 1
 170    0 0
 170    0 1
2595  170 1
2585  170 1
 173    0 0
 173    0 1
2586  173 1
2596  173 1
 176    0 0
 176    0 1
3662  176 1
3663  176 1
 179    0 0
 179    0 1
2778  179 1
2703  179 1
 182    0 0
 182    0 1
3621  182 1
3632  182 1
 185    0 0
 185    0 1
2600  185 1
2591  185 1
 188    0 0
 188    0 1
3633  188 1
3622  188 1
 191    0 0
 191    0 1
3620  191 1
3631  191 1
 194    0 0
 194    0 1
3619  194 1
3630  194 1
 197    0 0
 197    0 1
3618  197 1
3629  197 1
 200    0 0
 200    0 1
3616  200 1
3627  200 1
 203    0 0
 203    0 1
3617  203 1
3628  203 1
 206    0 0
 206    0 1
3689  206 1
 209    0 1
 210    0 0
 210    0 1
3688  210 1
 217    0 1
 218    0 0
 218    0 1
3687  218 1
 225    0 1
 226    0 0
 226    0 1
3686  226 1
 233    0 1
 234    0 0
 234    0 1
3685  234 1
 241    0 1
 242    0 0
 242    0 1
 245    0 0
 245    0 1
7703  245 1
 248    0 0
 248    0 1
 251    0 0
 251    0 1
 254    0 0
 254    0 1
 257    0 0
 257    0 1
3684  257 1
 264    0 1
 265    0 0
 265    0 1
3683  265 1
 272    0 1
 273    0 0
 273    0 1
3682  273 1
 280    0 1
 281    0 0
 281    0 1
3681  281 1
 288    0 1
 289    0 0
 289    0 1
3680  289 1
 292    0 1
 293    0 0
 293    0 1
3731  293 1
 299    0 0
 299    0 1
2963  299 1
 302    0 0
 302    0 1
3730  302 1
 307    0 1
 308    0 0
 308    0 1
3729  308 1
 315    0 1
 316    0 0
 316    0 1
3728  316 1
 323    0 1
 324    0 0
 324    0 1
3727  324 1
 331    0 1
 332    0 0
 332    0 1
 335    0 0
 335    0 1
 338    0 0
 338    0 1
2958  338 1
 341    0 0
 341    0 1
3726  341 1
 348    0 0
 348    0 1
2957  348 1
 351    0 0
 351    0 1
3725  351 1
 358    0 0
 358    0 1
2956  358 1
 361    0 0
 361    0 1
3724  361 1
 366    0 0
 366    0 1
2955  366 1
 369    0 0
 369    0 1
3723  369 1
 372    0 1
 373    0 1
 374    0 0
 374    0 1
4310  374 1
4349  374 1
4608  374 0
2850  374 1
3679  374 0
3412  374 1
2937  374 1
3722  374 0
3462  374 1
 386    0 0
 386    0 1
1156  386 1
1151  386 1
 389    0 0
 389    0 1
4332  389 1
4298  389 1
3719  389 0
2934  389 1
3459  389 1
3676  389 0
2847  389 1
3409  389 1
 400    0 0
 400    0 1
4301  400 1
4336  400 1
2848  400 1
3410  400 1
3677  400 0
2935  400 1
3460  400 1
3720  400 0
 411    0 0
 411    0 1
4342  411 1
4305  411 1
3721  411 0
2936  411 1
3461  411 1
3678  411 0
2849  411 1
3411  411 1
 422    0 0
 422    0 1
4325  422 1
4605  422 0
4575  422 0
4290  422 1
3670  422 0
2833  422 1
3403  422 1
3769  422 0
3025  422 1
3506  422 1
 435    0 0
 435    0 1
4297  435 1
4331  435 1
2834  435 1
3671  435 0
3404  435 1
3026  435 1
3770  435 0
3507  435 1
 446    0 0
 446    0 1
4268  446 1
4271  446 1
3758  446 1
3980  446 1
4185  446 0
3760  446 1
4186  446 0
3981  446 1
 457    0 0
 457    0 1
4280  457 1
4316  457 1
3668  457 0
2831  457 1
3401  457 1
3767  457 0
3023  457 1
3504  457 1
 468    0 0
 468    0 1
4320  468 1
4284  468 1
2832  468 1
3402  468 1
3669  468 0
3024  468 1
3505  468 1
3768  468 0
 479    0 0
 479    0 1
4440  479 1
4379  479 1
3751  479 0
2994  479 1
3489  479 1
3703  479 0
2908  479 1
3445  479 1
 490    0 0
 490    0 1
4627  490 0
4385  490 1
4445  490 1
4646  490 0
2909  490 1
3704  490 0
3446  490 1
2995  490 1
3752  490 0
3490  490 1
 503    0 0
 503    0 1
4392  503 1
4451  503 1
3745  503 0
2979  503 1
3481  503 1
3711  503 0
2919  503 1
3450  503 1
 514    0 0
 514    0 1
4067  514 1
4080  514 1
2349  514 1
2350  514 0
2980  514 1
2984  514 0
 523    0 0
 523    0 1
4456  523 1
4396  523 1
3746  523 0
2981  523 1
3483  523 1
3712  523 0
2921  523 1
3451  523 1
 534    0 0
 534    0 1
4400  534 1
4462  534 1
2922  534 1
3713  534 0
3452  534 1
2982  534 1
3747  534 0
3484  534 1
 545    0 0
 545    0 1
 549    0 0
 549    0 1
 552    0 0
 552    0 1
1156  552 1
1140  552 1
 556    0 0
 556    0 1
1156  556 1
1151  556 1
 559    0 0
 559    0 1
1156  559 1
 562    0 0
 562    0 1
7631  562 1
1140  562 1
 566    0 0
 566    0 1
7990 1497 1
8041 1497 1
7991 1497 1
 571    0 0
 571    0 1
 574    0 0
 574    0 1
 577    0 0
 577    0 1
 580    0 0
 580    0 1
 583    0 0
 583    0 1
7996 2174 1
8035 2174 1
7997 2174 1
 588    0 0
 588    0 1
 592    0 0
 592    0 1
 599    0 0
 599    0 1
2624 3717 1
7464 3717 1
 603    0 0
 603    0 1
7114 3724 1
7464 3724 1
 607    0 0
 607    0 1
 610    0 0
 610    0 1
 613    0 0
 613    0 1
 616    0 0
 616    0 1
 619    0 0
 619    0 1
 625    0 0
 625    0 1
 631    0 1
 709    0 0
 709    0 1
 816    0 0
 816    0 1
1043    0 1
1066    0 0
1066    0 1
1067    0 0
1067    0 1
2835 3547 1
2836 3547 1
2837 3547 1
2838 3547 1
2851 3547 1
2852 3547 1
2853 3547 1
2854 3547 1
2923 3547 1
2350 3547 0
2924 3547 1
2925 3547 1
1080    0 0
1080    0 1
3405 3549 1
3406 3549 1
3407 3549 1
3408 3549 1
3413 3549 1
3414 3549 1
3415 3549 1
3416 3549 1
3453 3549 1
3454 3549 1
3455 3549 1
1092    0 0
1092    0 1
3401 3551 1
3402 3551 1
3403 3551 1
3404 3551 1
3409 3551 1
3410 3551 1
3411 3551 1
3412 3551 1
3450 3551 1
3451 3551 1
3452 3551 1
1104    0 0
1104    0 1
2831 3553 1
2832 3553 1
2833 3553 1
2834 3553 1
2847 3553 1
2848 3553 1
2849 3553 1
2850 3553 1
2919 3553 1
2349 3553 1
2921 3553 1
2922 3553 1
1137    0 0
1137    0 1
1138    0 0
1138    0 1
1139    0 0
1139    0 1
1140    0 0
1140    0 1
1141    0 0
1141    0 1
1142    0 0
1142    0 1
1143    0 0
1143    0 1
1144    0 0
1144    0 1
1145    0 0
1145    0 1
1147    0 0
1147    0 1
1148    0 1
1149    0 1
1152    0 0
1152    0 1
1153    0 0
1153    0 1
1154    0 0
1154    0 1
1155    0 0
1155    0 1
1156    0 1
1157    0 0
1157    0 1
7988 1502 1
8043 1502 1
7989 1502 1
1161    0 0
1161    0 1
7667 1528 1
2586 1528 1
7434 1528 1
2585 1528 1
7673 1528 1
2589 1528 1
7671 1528 1
2588 1528 1
7669 1528 1
2587 1528 1
1173    0 0
1173    0 1
3617 1552 1
2586 1552 1
3616 1552 1
2585 1552 1
3620 1552 1
3619 1552 1
2588 1552 1
3618 1552 1
2587 1552 1
2589 1552 1
1185    0 0
1185    0 1
7338 1609 1
2591 1609 1
8118 1609 1
2703 1609 1
7440 1609 1
2594 1609 1
7438 1609 1
2593 1609 1
7436 1609 1
2592 1609 1
1197    0 0
1197    0 1
3621 1633 1
2591 1633 1
3662 1633 1
2703 1633 1
3624 1633 1
3623 1633 1
2593 1633 1
3622 1633 1
2592 1633 1
2594 1633 1
1209    0 0
1209    0 1
1213    0 0
1213    0 1
1216    0 0
1216    0 1
1219    0 0
1219    0 1
7994 2179 1
8044 2179 1
7995 2179 1
1223    0 0
1223    0 1
7675 2203 1
2596 2203 1
7442 2203 1
2595 2203 1
7681 2203 1
2599 2203 1
7679 2203 1
2598 2203 1
7677 2203 1
2597 2203 1
1235    0 0
1235    0 1
3628 2226 1
2596 2226 1
3627 2226 1
2595 2226 1
3631 2226 1
3630 2226 1
2598 2226 1
3629 2226 1
2597 2226 1
2599 2226 1
1247    0 0
1247    0 1
7340 2281 1
2600 2281 1
8120 2281 1
2778 2281 1
7448 2281 1
2603 2281 1
7446 2281 1
2602 2281 1
7444 2281 1
2601 2281 1
1259    0 0
1259    0 1
3632 2304 1
2600 2304 1
3663 2304 1
2778 2304 1
3635 2304 1
3634 2304 1
2602 2304 1
3633 2304 1
2601 2304 1
2603 2304 1
1271    0 0
1271    0 1
3982 2361 1
3983 2361 1
3485 2361 1
3487 2361 1
3486 2361 1
3491 2361 1
3493 2361 1
3492 2361 1
1280    0 0
1280    0 1
3460 2370 1
3461 2370 1
3459 2370 1
3462 2370 1
3505 2370 1
3506 2370 1
3504 2370 1
3507 2370 1
3444 2370 1
3445 2370 1
3446 2370 1
1292    0 0
1292    0 1
3980 2382 1
3503 2382 1
3502 2382 1
3981 2382 1
3483 2382 1
3481 2382 1
3484 2382 1
3488 2382 1
3489 2382 1
3490 2382 1
1303    0 0
1303    0 1
2934 2393 1
2935 2393 1
2937 2393 1
2936 2393 1
3023 2393 1
3024 2393 1
3026 2393 1
3025 2393 1
2907 2393 1
2909 2393 1
2908 2393 1
1315    0 0
1315    0 1
3013 2405 1
3758 2405 1
3760 2405 1
3014 2405 1
2993 2405 1
2995 2405 1
2994 2405 1
2979 2405 1
2980 2405 1
2982 2405 1
2981 2405 1
1327    0 0
1327    0 1
7342 2418 1
2605 2418 1
7453 2418 1
2611 2418 1
7455 2418 1
2612 2418 1
7456 2418 1
2613 2418 1
8114 2418 1
2614 2418 1
1339    0 0
1339    0 1
3641 2442 1
2605 2442 1
3647 2442 1
2611 2442 1
3648 2442 1
2612 2442 1
3649 2442 1
2613 2442 1
3650 2442 1
2614 2442 1
1351    0 0
1351    0 1
7460 2476 1
2619 2476 1
7462 2476 1
2620 2476 1
7463 2476 1
2621 2476 1
8116 2476 1
2622 2476 1
7364 2476 1
2626 2476 1
1363    0 0
1363    0 1
3655 2500 1
2619 2500 1
3656 2500 1
2620 2500 1
3657 2500 1
2621 2500 1
3658 2500 1
2622 2500 1
3660 2500 1
2626 2500 1
1375    0 0
1375    0 1
2835 2533 1
1378    0 0
1378    0 1
2831 2537 1
1381    0 0
1381    0 1
2836 2541 1
1384    0 0
1384    0 1
2832 2545 1
1387    0 0
1387    0 1
2837 2549 1
1390    0 0
1390    0 1
2833 2553 1
1393    0 0
1393    0 1
2838 2557 1
1396    0 0
1396    0 1
2834 2561 1
1415    0 0
1415    0 1
2851 2627 1
1418    0 0
1418    0 1
2847 2631 1
1421    0 0
1421    0 1
2852 2635 1
1424    0 0
1424    0 1
2848 2639 1
1427    0 0
1427    0 1
2853 2643 1
1430    0 0
1430    0 1
2849 2647 1
1433    0 0
1433    0 1
2854 2651 1
1436    0 0
1436    0 1
2850 2655 1
1455    0 0
1455    0 1
2868 2721 1
2867 2721 1
2871 2721 1
2870 2721 1
2869 2721 1
1462    0 0
1462    0 1
2874 2734 1
2873 2734 1
2872 2734 1
2876 2734 1
2875 2734 1
1469    0 0
1469    0 1
1475    0 0
1475    0 1
2590 2822 1
1479    0 0
1479    0 1
1482    0 0
1482    0 1
4038 2828 1
3637 2828 1
4033 2828 1
3615 2828 1
4035 2828 1
3626 2828 1
4040 2828 1
3640 2828 1
1492    0 0
1492    0 1
2910 2882 1
1495    0 0
1495    0 1
2907 2886 1
1498    0 0
1498    0 1
2911 2890 1
1501    0 0
1501    0 1
2908 2894 1
1504    0 0
1504    0 1
2912 2898 1
1507    0 0
1507    0 1
2909 2902 1
1510    0 0
1510    0 1
2923 2948 1
1513    0 0
1513    0 1
2919 2952 1
1516    0 0
1516    0 1
2924 2956 1
1519    0 0
1519    0 1
2921 2960 1
1522    0 0
1522    0 1
2925 2964 1
1525    0 0
1525    0 1
2922 2968 1
1542    0 0
1542    0 1
2938 3024 1
1545    0 0
1545    0 1
2934 3028 1
1548    0 0
1548    0 1
2939 3032 1
1551    0 0
1551    0 1
2935 3036 1
1554    0 0
1554    0 1
2940 3040 1
1557    0 0
1557    0 1
2936 3044 1
1560    0 0
1560    0 1
2941 3048 1
1563    0 0
1563    0 1
2937 3052 1
1566    0 0
1566    0 1
2955 3092 1
2954 3092 1
2958 3092 1
2957 3092 1
2956 3092 1
1573    0 0
1573    0 1
2961 3105 1
2960 3105 1
2959 3105 1
2963 3105 1
2962 3105 1
1580    0 0
1580    0 1
1583    0 0
1583    0 1
4031 3176 1
4036 3176 1
4041 3176 1
4042 3176 1
1588    0 0
1588    0 1
2970 3181 1
2969 3181 1
2972 3181 1
2971 3181 1
1594    0 0
1594    0 1
2983 3204 1
1597    0 0
1597    0 1
2979 3208 1
1600    0 0
1600    0 1
2985 3212 1
1603    0 0
1603    0 1
2981 3216 1
1606    0 0
1606    0 1
2986 3220 1
1609    0 0
1609    0 1
2982 3224 1
1612    0 0
1612    0 1
2996 3256 1
1615    0 0
1615    0 1
2993 3260 1
1618    0 0
1618    0 1
2997 3264 1
1621    0 0
1621    0 1
2994 3268 1
1624    0 0
1624    0 1
2998 3272 1
1627    0 0
1627    0 1
2995 3276 1
1630    0 0
1630    0 1
3013 3302 1
1633    0 0
1633    0 1
3014 3314 1
1636    0 0
1636    0 1
3027 3354 1
1639    0 0
1639    0 1
3023 3358 1
1642    0 0
1642    0 1
3028 3362 1
1645    0 0
1645    0 1
3024 3366 1
1648    0 0
1648    0 1
3029 3370 1
1651    0 0
1651    0 1
3025 3374 1
1654    0 0
1654    0 1
3030 3378 1
1657    0 0
1657    0 1
3026 3382 1
1660    0 0
1660    0 1
1663    0 0
1663    0 1
2910 3554 1
2911 3554 1
2912 3554 1
2938 3554 1
2939 3554 1
2940 3554 1
2941 3554 1
3027 3554 1
3028 3554 1
3029 3554 1
3030 3554 1
1675    0 0
1675    0 1
2983 3555 1
2984 3555 0
2985 3555 1
2986 3555 1
2996 3555 1
2997 3555 1
2998 3555 1
3761 3555 1
3762 3555 1
1685    0 0
1685    0 1
3447 3556 1
3448 3556 1
3449 3556 1
3463 3556 1
3464 3556 1
3465 3556 1
3466 3556 1
3508 3556 1
3509 3556 1
3510 3556 1
3511 3556 1
1697    0 0
1697    0 1
7685 3558 1
2606 3558 1
7687 3558 1
2607 3558 1
7689 3558 1
2608 3558 1
7691 3558 1
2609 3558 1
7451 3558 1
2610 3558 1
1709    0 0
1709    0 1
3642 3582 1
2606 3582 1
3643 3582 1
2607 3582 1
3644 3582 1
2608 3582 1
3645 3582 1
2609 3582 1
3646 3582 1
2610 3582 1
1721    0 0
1721    0 1
3071 3616 1
3074 3616 1
3073 3616 1
3072 3616 1
1727    0 0
1727    0 1
8078 3628 1
8077 3628 1
1731    0 0
1731    0 1
7683 3660 1
2604 3660 1
7693 3660 1
2615 3660 1
7695 3660 1
2616 3660 1
7697 3660 1
2617 3660 1
7458 3660 1
2618 3660 1
1743    0 0
1743    0 1
3638 3684 1
2604 3684 1
3651 3684 1
2615 3684 1
3652 3684 1
2616 3684 1
3653 3684 1
2617 3684 1
3654 3684 1
2618 3684 1
1755    0 0
1755    0 1
4741 3721 1
7114 3721 1
1758    0 0
1758    0 1
4741 3728 1
2624 3728 1
1761    0 0
1761    0 1
8072 3737 1
2627 3737 1
7146 3737 1
7189 3737 1
7188 3737 1
7187 3737 1
1769    0 0
1769    0 1
3661 3757 1
2627 3757 1
3781 3757 1
3784 3757 1
3783 3757 1
3782 3757 1
1777    0 0
1777    0 1
8071 3795 1
2625 3795 1
6718 3795 1
7197 3795 1
7196 3795 1
7147 3795 1
1785    0 0
1785    0 1
3659 3815 1
2625 3815 1
3785 3815 1
3788 3815 1
3787 3815 1
3786 3815 1
1793    0 0
1793    0 1
7481 3972 1
7207 3972 1
7484 3972 1
7483 3972 1
7482 3972 1
1800    0 0
1800    0 1
3801 3991 1
3800 3991 1
3804 3991 1
3803 3991 1
3802 3991 1
1807    0 0
1807    0 1
7485 4030 1
7208 4030 1
7488 4030 1
7487 4030 1
7486 4030 1
1814    0 0
1814    0 1
3806 4049 1
3805 4049 1
3809 4049 1
3808 4049 1
3807 4049 1
1821    0 0
1821    0 1
1824    0 0
1824    0 1
5242 4119 1
1827    0 0
1827    0 1
5243 4127 1
1830    0 0
1830    0 1
5244 4135 1
1833    0 0
1833    0 1
5245 4143 1
1836    0 0
1836    0 1
5246 4151 1
1839    0 0
1839    0 1
5247 4159 1
1842    0 0
1842    0 1
5248 4167 1
1845    0 0
1845    0 1
5249 4175 1
1848    0 0
1848    0 1
5250 4183 1
1851    0 0
1851    0 1
6806 4188 1
1854    0 0
1854    0 1
5252 4276 1
1857    0 0
1857    0 1
5253 4284 1
1860    0 0
1860    0 1
5254 4292 1
1863    0 0
1863    0 1
5255 4300 1
1866    0 0
1866    0 1
5256 4308 1
1869    0 0
1869    0 1
5257 4316 1
1872    0 0
1872    0 1
5258 4324 1
1875    0 0
1875    0 1
5259 4332 1
1878    0 0
1878    0 1
5260 4340 1
1881    0 0
1881    0 1
5261 4631 1
1884    0 0
1884    0 1
5262 4639 1
1887    0 0
1887    0 1
5263 4647 1
1890    0 0
1890    0 1
5112 4655 1
1893    0 0
1893    0 1
5274 4663 1
1896    0 0
1896    0 1
5275 4671 1
1899    0 0
1899    0 1
5955 4676 1
1902    0 0
1902    0 1
5282 4764 1
1905    0 0
1905    0 1
5283 4772 1
1908    0 0
1908    0 1
5125 4780 1
1911    0 0
1911    0 1
5298 4788 1
1914    0 0
1914    0 1
5299 4796 1
1917    0 0
1917    0 1
5300 4804 1
1920    0 0
1920    0 1
3513 5082 1
1923    0 0
1923    0 1
3512 5085 1
1926    0 0
1926    0 1
3515 5090 1
1929    0 0
1929    0 1
3514 5093 1
1932    0 0
1932    0 1
3606 5098 1
1935    0 0
1935    0 1
3605 5101 1
1938    0 0
1938    0 1
3608 5108 1
1941    0 0
1941    0 1
3607 5111 1
1944    0 0
1944    0 1
3559 5332 1
1947    0 0
1947    0 1
3558 5335 1
1950    0 0
1950    0 1
3561 5340 1
1953    0 0
1953    0 1
3560 5343 1
1956    0 0
1956    0 1
3563 5348 1
1959    0 0
1959    0 1
3562 5351 1
1962    0 0
1962    0 1
3610 5356 1
1965    0 0
1965    0 1
3609 5359 1
1968    0 0
1968    0 1
4024 5369 1
1972    0 0
1972    0 1
2054    0 0
2054    0 1
2060    0 0
2060    0 1
2061    0 0
2061    0 1
2139    0 0
2139    0 1
2142    0 0
2142    0 1
2309    0 0
2309    0 1
2350    0 1
2387    0 0
2387    0 1
2527    0 0
2527    0 1
2584    0 0
2584    0 1
2585    0 0
2586    0 0
2587    0 0
2588    0 0
2589    0 0
2590    0 0
2590    0 1
2591    0 0
2592    0 0
2593    0 0
2594    0 0
2595    0 0
2596    0 0
2597    0 0
2598    0 0
2599    0 0
2600    0 0
2601    0 0
2602    0 0
2603    0 0
2604    0 0
2605    0 0
2606    0 0
2607    0 0
2608    0 0
2609    0 0
2610    0 0
2611    0 0
2612    0 0
2613    0 0
2614    0 0
2615    0 0
2616    0 0
2617    0 0
2618    0 0
2619    0 0
2620    0 0
2621    0 0
2622    0 0
2623    0 0
2623    0 1
2624    0 0
2625    0 0
2626    0 0
2627    0 0
2628    0 1
2629    0 1
2630    0 1
2631    0 1
2632    0 1
2633    0 1
2634    0 1
2635    0 1
2636    0 1
2637    0 1
2638    0 1
2639    0 1
2640    0 1
2641    0 1
2642    0 1
2643    0 1
2644    0 1
2645    0 1
2646    0 1
2647    0 0
2647    0 1
7600 1526 1
7754 1526 1
7755 1526 1
7756 1526 1
7757 1526 1
2653    0 0
2653    0 1
7433 1540 1
3616 1540 1
7666 1540 1
3617 1540 1
7668 1540 1
3618 1540 1
7670 1540 1
3619 1540 1
7672 1540 1
3620 1540 1
2664    0 0
2664    0 1
7433 1564 1
7434 1564 1
7666 1564 1
7667 1564 1
7668 1564 1
7669 1564 1
7670 1564 1
7671 1564 1
7672 1564 1
7673 1564 1
2675    0 0
2675    0 1
8125 1606 1
7506 1606 1
7601 1606 1
7602 1606 1
7603 1606 1
2681    0 0
2681    0 1
8117 1621 1
3662 1621 1
7011 1621 1
3621 1621 1
7339 1621 1
3622 1621 1
7437 1621 1
3623 1621 1
7439 1621 1
3624 1621 1
2692    0 0
2692    0 1
8117 1645 1
8118 1645 1
7011 1645 1
7338 1645 1
7339 1645 1
7436 1645 1
7437 1645 1
7438 1645 1
7439 1645 1
7440 1645 1
2703    0 0
2704    0 0
2704    0 1
2709    0 1
2710    0 1
2711    0 1
2712    0 1
2713    0 1
2714    0 1
2715    0 1
2716    0 1
2717    0 1
2718    0 1
2719    0 1
2720    0 1
2721    0 1
2722    0 0
2722    0 1
7604 2202 1
7758 2202 1
7759 2202 1
7760 2202 1
7761 2202 1
2728    0 0
2728    0 1
7441 2215 1
3627 2215 1
7674 2215 1
3628 2215 1
7676 2215 1
3629 2215 1
7678 2215 1
3630 2215 1
7680 2215 1
3631 2215 1
2739    0 0
2739    0 1
7441 2238 1
7442 2238 1
7674 2238 1
7675 2238 1
7676 2238 1
7677 2238 1
7678 2238 1
7679 2238 1
7680 2238 1
7681 2238 1
2750    0 0
2750    0 1
8126 2279 1
7511 2279 1
7605 2279 1
7606 2279 1
7607 2279 1
2756    0 0
2756    0 1
8119 2293 1
3663 2293 1
7012 2293 1
3632 2293 1
7341 2293 1
3633 2293 1
7445 2293 1
3634 2293 1
7447 2293 1
3635 2293 1
2767    0 0
2767    0 1
8119 2316 1
8120 2316 1
7012 2316 1
7340 2316 1
7341 2316 1
7444 2316 1
7445 2316 1
7446 2316 1
7447 2316 1
7448 2316 1
2778    0 0
2779    0 0
2779    0 1
7013 2430 1
3641 2430 1
7452 2430 1
3647 2430 1
7454 2430 1
3648 2430 1
7349 2430 1
3649 2430 1
8113 2430 1
3650 2430 1
2790    0 0
2790    0 1
7013 2454 1
7342 2454 1
7452 2454 1
7453 2454 1
7454 2454 1
7455 2454 1
7349 2454 1
7456 2454 1
8113 2454 1
8114 2454 1
2801    0 0
2801    0 1
7459 2488 1
3655 2488 1
7461 2488 1
3656 2488 1
7357 2488 1
3657 2488 1
8115 2488 1
3658 2488 1
7016 2488 1
3660 2488 1
2812    0 0
2812    0 1
7459 2512 1
7460 2512 1
7461 2512 1
7462 2512 1
7357 2512 1
7463 2512 1
8115 2512 1
8116 2512 1
7016 2512 1
7364 2512 1
2823    0 1
2824    0 1
2825    0 1
2826    0 1
2827    0 1
2828    0 1
2829    0 1
2830    0 1
2831    0 0
2832    0 0
2833    0 0
2834    0 0
2835    0 0
2836    0 0
2837    0 0
2838    0 0
2839    0 1
2840    0 1
2841    0 1
2842    0 1
2843    0 1
2844    0 1
2845    0 1
2846    0 1
2847    0 0
2848    0 0
2849    0 0
2850    0 0
2851    0 0
2852    0 0
2853    0 0
2854    0 0
2855    0 0
2855    0 1
3680 2728 1
3681 2728 1
3683 2728 1
3682 2728 1
3684 2728 1
2861    0 0
2861    0 1
3685 2741 1
3686 2741 1
3687 2741 1
3688 2741 1
3689 2741 1
2867    0 0
2868    0 0
2869    0 0
2870    0 0
2871    0 0
2872    0 0
2873    0 0
2874    0 0
2875    0 0
2876    0 0
2877    0 0
2877    0 1
4737 2827 1
4738 2827 1
4739 2827 1
4740 2827 1
2882    0 0
2882    0 1
4037 2838 1
3636 2838 1
4039 2838 1
3639 2838 1
4034 2838 1
3625 2838 1
4032 2838 1
3614 2838 1
2891    0 0
2891    0 1
3636 2847 1
3637 2847 1
3614 2847 1
3625 2847 1
3626 2847 1
3639 2847 1
3640 2847 1
3615 2847 1
2901    0 1
2902    0 1
2903    0 1
2904    0 1
2905    0 1
2906    0 1
2907    0 0
2908    0 0
2909    0 0
2910    0 0
2911    0 0
2912    0 0
2913    0 1
2914    0 1
2915    0 1
2916    0 1
2917    0 1
2918    0 1
2919    0 0
2920    0 1
2921    0 0
2922    0 0
2923    0 0
2924    0 0
2925    0 0
2926    0 1
2927    0 1
2928    0 1
2929    0 1
2930    0 1
2931    0 1
2932    0 1
2933    0 1
2934    0 0
2935    0 0
2936    0 0
2937    0 0
2938    0 0
2939    0 0
2940    0 0
2941    0 0
2942    0 0
2942    0 1
3723 3099 1
3724 3099 1
3726 3099 1
3725 3099 1
3732 3099 0
2948    0 0
2948    0 1
3727 3112 1
3728 3112 1
3729 3112 1
3730 3112 1
3731 3112 1
2954    0 0
2955    0 0
2956    0 0
2957    0 0
2958    0 0
2959    0 0
2960    0 0
2961    0 0
2962    0 0
2963    0 0
2964    0 0
2964    0 1
3738 3187 1
3739 3187 1
3740 3187 1
3741 3187 1
2969    0 0
2970    0 0
2971    0 0
2972    0 0
2973    0 1
2974    0 1
2975    0 1
2976    0 1
2977    0 1
2978    0 1
2979    0 0
2981    0 0
2982    0 0
2983    0 0
2984    0 1
2985    0 0
2986    0 0
2987    0 1
2988    0 1
2989    0 1
2990    0 1
2991    0 1
2992    0 1
2993    0 0
2994    0 0
2995    0 0
2996    0 0
2997    0 0
2998    0 0
2999    0 1
3000    0 0
3000    0 1
3761 3306 1
3003    0 0
3003    0 1
3758 3310 1
3006    0 1
3007    0 0
3007    0 1
3762 3318 1
3010    0 0
3010    0 1
3760 3322 1
3013    0 0
3014    0 0
3015    0 1
3016    0 1
3017    0 1
3018    0 1
3019    0 1
3020    0 1
3021    0 1
3022    0 1
3023    0 0
3024    0 0
3025    0 0
3026    0 0
3027    0 0
3028    0 0
3029    0 0
3030    0 0
3031    0 1
3032    0 1
3033    0 1
3034    0 1
3035    0 0
3035    0 1
4196 3489 1
3038    0 0
3038    0 1
4955 3493 1
3041    0 0
3041    0 1
7684 3570 1
3642 3570 1
7686 3570 1
3643 3570 1
7688 3570 1
3644 3570 1
7690 3570 1
3645 3570 1
7450 3570 1
3646 3570 1
3052    0 0
3052    0 1
7684 3594 1
7685 3594 1
7686 3594 1
7687 3594 1
7688 3594 1
7689 3594 1
7690 3594 1
7691 3594 1
7450 3594 1
7451 3594 1
3063    0 0
3063    0 1
8089 3622 1
8091 3622 1
8090 3622 1
8092 3622 1
3068    0 0
3068    0 1
7530 3632 1
7479 3632 1
3071    0 0
3072    0 0
3073    0 0
3074    0 0
3075    0 0
3075    0 1
7682 3672 1
3638 3672 1
7692 3672 1
3651 3672 1
7694 3672 1
3652 3672 1
7696 3672 1
3653 3672 1
7457 3672 1
3654 3672 1
3086    0 0
3086    0 1
7682 3696 1
7683 3696 1
7692 3696 1
7693 3696 1
7694 3696 1
7695 3696 1
7696 3696 1
7697 3696 1
7457 3696 1
7458 3696 1
3097    0 0
3097    0 1
7636 3745 1
3661 3745 1
4956 3745 1
3781 3745 1
4957 3745 1
3782 3745 1
4958 3745 1
3783 3745 1
4959 3745 1
3784 3745 1
3108    0 0
3108    0 1
7636 3765 1
8072 3765 1
4956 3765 1
7146 3765 1
4957 3765 1
7187 3765 1
4958 3765 1
7188 3765 1
4959 3765 1
7189 3765 1
3119    0 0
3119    0 1
7526 3803 1
3659 3803 1
4197 3803 1
3785 3803 1
4960 3803 1
3786 3803 1
4961 3803 1
3787 3803 1
3998 3803 1
3788 3803 1
3130    0 0
3130    0 1
7526 3823 1
8071 3823 1
4197 3823 1
6718 3823 1
4960 3823 1
7147 3823 1
4961 3823 1
7196 3823 1
3998 3823 1
7197 3823 1
3141    0 1
3142    0 1
3143    0 1
3144    0 1
3145    0 1
3146    0 1
3147    0 0
3147    0 1
4980 3979 1
3800 3979 1
4981 3979 1
3801 3979 1
4982 3979 1
3802 3979 1
4983 3979 1
3803 3979 1
5165 3979 1
3804 3979 1
3158    0 0
3158    0 1
4980 3998 1
7207 3998 1
4981 3998 1
7481 3998 1
4982 3998 1
7482 3998 1
4983 3998 1
7483 3998 1
5165 3998 1
7484 3998 1
3169    0 0
3169    0 1
4984 4037 1
3805 4037 1
4985 4037 1
3806 4037 1
4986 4037 1
3807 4037 1
4547 4037 1
3808 4037 1
4987 4037 1
3809 4037 1
3180    0 0
3180    0 1
4984 4056 1
7208 4056 1
4985 4056 1
7485 4056 1
4986 4056 1
7486 4056 1
4547 4056 1
7487 4056 1
4987 4056 1
7488 4056 1
3191    0 0
3191    0 1
3194    0 1
3195    0 1
3196    0 1
3197    0 1
3198    0 1
3199    0 1
3200    0 0
3200    0 1
3823 5366 1
3203    0 1
3357    0 0
3357    0 1
3358    0 0
3358    0 1
3359    0 0
3359    0 1
3360    0 0
3360    0 1
3401    0 0
3402    0 0
3403    0 0
3404    0 0
3405    0 0
3406    0 0
3407    0 0
3408    0 0
3409    0 0
3410    0 0
3411    0 0
3412    0 0
3413    0 0
3414    0 0
3415    0 0
3416    0 0
3444    0 0
3445    0 0
3446    0 0
3447    0 0
3448    0 0
3449    0 0
3450    0 0
3451    0 0
3452    0 0
3453    0 0
3454    0 0
3455    0 0
3456    0 0
3456    0 1
3998 3015 1
3459    0 0
3460    0 0
3461    0 0
3462    0 0
3463    0 0
3464    0 0
3465    0 0
3466    0 0
3481    0 0
3482    0 1
3483    0 0
3484    0 0
3485    0 0
3486    0 0
3487    0 0
3488    0 0
3489    0 0
3490    0 0
3491    0 0
3492    0 0
3493    0 0
3502    0 0
3503    0 0
3504    0 0
3505    0 0
3506    0 0
3507    0 0
3508    0 0
3509    0 0
3510    0 0
3511    0 0
3512    0 1
3513    0 1
3514    0 1
3515    0 1
3558    0 1
3559    0 1
3560    0 1
3561    0 1
3562    0 1
3563    0 1
3604    0 0
3604    0 1
3605    0 1
3606    0 1
3607    0 1
3608    0 1
3609    0 1
3610    0 1
3613    0 0
3613    0 1
3614    0 0
3615    0 0
3616    0 0
3617    0 0
3618    0 0
3619    0 0
3620    0 0
3621    0 0
3622    0 0
3623    0 0
3624    0 0
3625    0 0
3626    0 0
3627    0 0
3628    0 0
3629    0 0
3630    0 0
3631    0 0
3632    0 0
3633    0 0
3634    0 0
3635    0 0
3636    0 0
3637    0 0
3638    0 0
3639    0 0
3640    0 0
3641    0 0
3642    0 0
3643    0 0
3644    0 0
3645    0 0
3646    0 0
3647    0 0
3648    0 0
3649    0 0
3650    0 0
3651    0 0
3652    0 0
3653    0 0
3654    0 0
3655    0 0
3656    0 0
3657    0 0
3658    0 0
3659    0 0
3660    0 0
3661    0 0
3662    0 0
3663    0 0
3668    0 1
3669    0 1
3670    0 1
3671    0 1
3676    0 1
3677    0 1
3678    0 1
3679    0 1
3680    0 0
3681    0 0
3682    0 0
3683    0 0
3684    0 0
3685    0 0
3686    0 0
3687    0 0
3688    0 0
3689    0 0
3691    0 0
3691    0 1
4037 2857 1
4038 2857 1
4039 2857 1
4040 2857 1
4034 2857 1
4035 2857 1
4032 2857 1
4033 2857 1
3703    0 1
3704    0 1
3705    0 0
3705    0 1
3711    0 1
3712    0 1
3713    0 1
3719    0 1
3720    0 1
3721    0 1
3722    0 1
3723    0 0
3724    0 0
3725    0 0
3726    0 0
3727    0 0
3728    0 0
3729    0 0
3730    0 0
3731    0 0
3732    0 0
3732    0 1
4067 3147 1
4080 3147 1
3738    0 0
3739    0 0
3740    0 0
3741    0 0
3745    0 1
3746    0 1
3747    0 1
3751    0 1
3752    0 1
3753    0 1
3754    0 1
3755    0 1
3756    0 1
3758    0 0
3760    0 0
3761    0 0
3762    0 0
3767    0 1
3768    0 1
3769    0 1
3770    0 1
3771    0 0
3771    0 1
4954 3424 1
4196 3424 1
3775    0 0
3775    0 1
4953 3433 1
4196 3433 1
3779    0 1
3780    0 1
3781    0 0
3782    0 0
3783    0 0
3784    0 0
3785    0 0
3786    0 0
3787    0 0
3788    0 0
3789    0 0
3789    0 1
5164 3897 1
4978 3897 1
3793    0 0
3793    0 1
5163 3906 1
4978 3906 1
3797    0 0
3797    0 1
3800    0 0
3801    0 0
3802    0 0
3803    0 0
3804    0 0
3805    0 0
3806    0 0
3807    0 0
3808    0 0
3809    0 0
3810    0 0
3810    0 1
4702 5206 1
3813    0 0
3813    0 1
4701 5209 1
3816    0 0
3816    0 1
5162 5307 1
3819    0 0
3819    0 1
5057 5322 1
3822    0 1
3823    0 1
3824    0 0
3824    0 1
5239 5399 1
3827    0 1
3828    0 1
3829    0 1
3830    0 1
3831    0 1
3834    0 1
3835    0 1
3836    0 1
3837    0 1
3838    0 1
3839    0 1
3840    0 1
3841    0 1
3842    0 0
3842    0 1
4310 2767 1
4349 2767 1
4608 2767 0
3849    0 0
3849    0 1
4305 2772 1
4342 2772 1
3855    0 0
3855    0 1
4301 2776 1
4336 2776 1
3861    0 0
3861    0 1
4298 2780 1
4332 2780 1
3867    0 0
3867    0 1
4297 2784 1
4331 2784 1
3873    0 0
3873    0 1
4290 2788 1
4325 2788 1
4605 2788 0
4575 2788 0
3881    0 0
3881    0 1
4284 2794 1
4320 2794 1
3887    0 0
3887    0 1
4280 2798 1
4316 2798 1
3893    0 0
3893    0 1
4271 2802 1
4268 2802 1
3908    0 1
3909    0 1
3911    0 0
3911    0 1
4547 2936 1
3914    0 1
3915    0 1
3916    0 1
3917    0 1
3918    0 1
3919    0 1
3920    0 1
3921    0 0
3921    0 1
3927    0 0
3927    0 1
4400 3139 1
4462 3139 1
3933    0 0
3933    0 1
4396 3143 1
4456 3143 1
3942    0 0
3942    0 1
4392 3151 1
4451 3151 1
3948    0 0
3948    0 1
4385 3155 1
4445 3155 1
4646 3155 0
4627 3155 0
3956    0 0
3956    0 1
4379 3161 1
4440 3161 1
3962    0 0
3962    0 1
3968    0 0
3968    0 1
6386 3167 0
6392 3167 0
3975    0 1
3976    0 1
3977    0 1
3978    0 1
3979    0 1
3980    0 0
3981    0 0
3982    0 0
3983    0 0
3984    0 0
3984    0 1
3987    0 1
3988    0 1
3989    0 1
3990    0 1
3991    0 1
3998    0 0
4008    0 0
4008    0 1
5305 5126 1
4011    0 0
4011    0 1
5311 5178 1
4021    0 0
4021    0 1
4721 5325 1
4024    0 1
4027    0 1
4032    0 0
4033    0 0
4034    0 0
4035    0 0
4037    0 0
4038    0 0
4039    0 0
4040    0 0
4067    0 0
4067    0 1
6580 1789 0
6152 1789 1
4080    0 0
4080    0 1
6622 2036 0
6609 2036 0
6178 2036 1
4088    0 0
4088    0 1
4983 2611 1
4091    0 0
4091    0 1
4982 2615 1
4094    0 0
4094    0 1
4981 2619 1
4097    0 0
4097    0 1
4980 2623 1
4100    0 0
4100    0 1
4959 2705 1
4103    0 0
4103    0 1
4958 2709 1
4106    0 0
4106    0 1
4957 2713 1
4109    0 0
4109    0 1
4956 2717 1
4144    0 0
4144    0 1
4986 2939 1
4147    0 0
4147    0 1
4985 2942 1
4150    0 0
4150    0 1
4987 2945 1
4741 2945 1
4153    0 0
4153    0 1
4984 3012 1
4156    0 0
4156    0 1
4961 3018 1
4159    0 0
4159    0 1
4960 3021 1
4185    0 1
4186    0 1
4188    0 0
4188    0 1
4955 3428 1
4953 3428 1
4191    0 0
4191    0 1
4954 3437 1
4955 3437 1
4196    0 0
4197    0 0
4199    0 1
4200    0 0
4200    0 1
5163 3901 1
4979 3901 1
4203    0 0
4203    0 1
5164 3910 1
4979 3910 1
4206    0 0
4206    0 1
4978 3934 1
4209    0 0
4209    0 1
4979 3938 1
4212    0 0
4212    0 1
4856 4652 1
4215    0 0
4215    0 1
4908 4783 1
4219    0 0
4219    0 1
5306 5137 1
4223    0 1
4224    0 1
4225    0 0
4225    0 1
5154 5260 1
4228    0 0
4228    0 1
5153 5263 1
4231    0 0
4231    0 1
5156 5268 1
4234    0 0
4234    0 1
5155 5271 1
4237    0 0
4237    0 1
5233 5276 1
4240    0 0
4240    0 1
5232 5279 1
4243    0 0
4243    0 1
6377 5289 1
4246    0 0
4246    0 1
5161 5296 1
4249    0 0
4249    0 1
5160 5299 1
4252    0 0
4252    0 1
4975 5304 1
4255    0 0
4255    0 1
5235 5312 1
4258    0 0
4258    0 1
5234 5315 1
4263    0 1
4264    0 0
4264    0 1
5059 5396 1
4267    0 1
4268    0 0
4269    0 1
4270    0 1
4271    0 0
4272    0 0
4272    0 1
4273    0 1
4274    0 1
4275    0 0
4275    0 1
4276    0 1
4277    0 1
4278    0 0
4278    0 1
4279    0 0
4279    0 1
4280    0 0
4280    0 1
6486 1046 0
6482 1046 0
6075 1046 1
4284    0 0
4284    0 1
6076 1064 1
6494 1064 0
6490 1064 0
6083 1064 1
6086 1064 1
4290    0 0
4290    0 1
6077 1071 1
6087 1071 1
6084 1071 1
6088 1071 1
6090 1071 1
4297    0 0
4298    0 0
4298    0 1
6500 1111 0
6094 1111 1
4301    0 0
4301    0 1
6098 1128 1
6095 1128 1
6504 1128 0
4305    0 0
4305    0 1
6099 1145 1
6096 1145 1
6508 1145 0
6102 1145 1
4310    0 0
4310    0 1
6100 1160 1
6097 1160 1
6512 1160 0
6105 1160 1
6103 1160 1
4316    0 0
4316    0 1
6526 1301 0
6516 1301 0
6071 1301 1
4320    0 0
4320    0 1
6411 1318 0
6114 1318 1
6072 1318 1
6111 1318 1
4325    0 0
4325    0 1
6112 1324 1
6073 1324 1
6115 1324 1
6116 1324 1
4331    0 0
4332    0 0
4332    0 1
6556 1359 0
6539 1359 0
6120 1359 1
4336    0 0
4336    0 1
6128 1382 1
6124 1382 1
6121 1382 1
6553 1382 0
6536 1382 0
4342    0 0
4342    0 1
6129 1404 1
6125 1404 1
6122 1404 1
6419 1404 0
6134 1404 1
6131 1404 1
4349    0 0
4349    0 1
6126 1412 1
6123 1412 1
6130 1412 1
6132 1412 1
6136 1412 1
6135 1412 1
4357    0 0
4357    0 1
5065 1704 1
5066 1704 1
6074 1704 1
6140 1704 1
4364    0 0
4364    0 1
5066 1712 1
6074 1712 1
6140 1712 1
5118 1712 1
6145 1712 1
5117 1712 1
6143 1712 1
6144 1712 1
4375    0 0
4375    0 1
6569 1724 0
6566 1724 0
5065 1724 1
4379    0 0
4379    0 1
5066 1742 1
6575 1742 0
6572 1742 0
5117 1742 1
5118 1742 1
4385    0 0
4385    0 1
6074 1749 1
6145 1749 1
6143 1749 1
6146 1749 1
6148 1749 1
4392    0 0
4396    0 0
4396    0 1
5954 1806 1
6153 1806 1
6584 1806 0
4400    0 0
4400    0 1
6156 1823 1
6154 1823 1
6587 1823 0
6159 1823 1
4405    0 0
4405    0 1
6158 1829 1
6149 1829 1
6161 1829 1
6163 1829 1
5119 1829 1
4412    0 0
4412    0 1
6157 1837 1
6155 1837 1
5346 1837 0
6162 1837 1
6160 1837 1
4418    0 0
4418    0 1
5067 1958 1
5068 1958 1
6078 1958 1
6168 1958 1
4425    0 0
4425    0 1
6168 1966 1
5068 1966 1
6078 1966 1
5132 1966 1
6171 1966 1
6172 1966 1
5133 1966 1
6173 1966 1
4436    0 0
4436    0 1
6599 1978 0
6592 1978 0
5067 1978 1
4440    0 0
4440    0 1
6437 1995 0
5133 1995 1
5068 1995 1
5132 1995 1
4445    0 0
4445    0 1
6171 2001 1
6078 2001 1
6173 2001 1
6174 2001 1
4451    0 0
4456    0 0
4456    0 1
6006 2059 1
6005 2059 1
6179 2059 1
6619 2059 0
6606 2059 0
4462    0 0
4462    0 1
6185 2081 1
6182 2081 1
6180 2081 1
6445 2081 0
6190 2081 1
6187 2081 1
4469    0 0
4469    0 1
6183 2089 1
6181 2089 1
6186 2089 1
6188 2089 1
6192 2089 1
6191 2089 1
4477    0 0
4477    0 1
6175 2106 1
6184 2106 1
6194 2106 1
6189 2106 1
4512    0 0
4512    0 1
5726 3170 1
4515    0 1
4516    0 1
4521    0 1
4523    0 1
4524    0 0
4524    0 1
6720 3853 1
6473 3853 1
4532    0 0
4532    0 1
6722 3874 1
6475 3874 1
4547    0 0
4548    0 0
4548    0 1
5070 4116 1
4551    0 0
4551    0 1
5072 4124 1
4554    0 0
4554    0 1
5074 4132 1
4557    0 0
4557    0 1
5076 4140 1
4560    0 0
4560    0 1
5078 4148 1
4563    0 0
4563    0 1
5080 4156 1
4566    0 0
4566    0 1
5082 4164 1
4569    0 0
4569    0 1
5084 4172 1
4572    0 0
4572    0 1
5086 4180 1
4575    0 0
4575    0 1
6815 4228 1
4578    0 0
4578    0 1
5088 4279 1
4581    0 0
4581    0 1
5090 4287 1
4584    0 0
4584    0 1
5092 4295 1
4587    0 0
4587    0 1
5094 4303 1
4590    0 0
4590    0 1
5096 4311 1
4593    0 0
4593    0 1
5098 4319 1
4596    0 0
4596    0 1
5100 4327 1
4599    0 0
4599    0 1
5102 4335 1
4602    0 0
4602    0 1
5104 4343 1
4605    0 0
4605    0 1
7152 4348 1
4608    0 0
4608    0 1
6987 4464 1
4611    0 0
4611    0 1
5107 4628 1
4614    0 0
4614    0 1
5109 4636 1
4617    0 0
4617    0 1
5111 4644 1
4621    0 0
4621    0 1
5114 4660 1
4624    0 0
4624    0 1
5116 4668 1
4627    0 0
4627    0 1
6842 4716 1
4630    0 0
4630    0 1
5121 4767 1
4633    0 0
4633    0 1
5123 4775 1
4637    0 0
4637    0 1
5126 4791 1
4640    0 0
4640    0 1
5128 4799 1
4643    0 0
4643    0 1
5130 4807 1
4646    0 0
4646    0 1
7158 4812 1
4649    0 0
4649    0 1
5304 5118 1
4652    0 0
4652    0 1
5303 5121 1
4655    0 0
4655    0 1
5137 5129 1
4658    0 0
4658    0 1
5140 5134 1
4662    0 0
4662    0 1
5364 5142 1
4665    0 0
4665    0 1
5363 5145 1
4668    0 0
4668    0 1
5366 5152 1
4671    0 0
4671    0 1
5365 5155 1
4674    0 0
4674    0 1
5308 5162 1
4677    0 0
4677    0 1
5307 5165 1
4680    0 0
4680    0 1
5310 5170 1
4683    0 0
4683    0 1
5309 5173 1
4686    0 0
4686    0 1
5145 5181 1
4689    0 0
4689    0 1
5368 5186 1
4692    0 0
4692    0 1
5367 5189 1
4695    0 0
4695    0 1
5370 5196 1
4698    0 0
4698    0 1
5369 5199 1
4701    0 1
4702    0 1
4720    0 1
4721    0 1
4724    0 1
4725    0 1
4726    0 1
4727    0 1
4728    0 1
4729    0 1
4730    0 1
4731    0 1
4732    0 1
4733    0 1
4734    0 1
4735    0 1
4736    0 1
4737    0 0
4737    0 1
4738    0 0
4738    0 1
4739    0 0
4739    0 1
4740    0 0
4740    0 1
4741    0 0
4855    0 1
4856    0 1
4908    0 1
4909    0 1
4939    0 0
4939    0 1
4942    0 1
4947    0 1
4953    0 0
4954    0 0
4955    0 0
4956    0 0
4957    0 0
4958    0 0
4959    0 0
4960    0 0
4961    0 0
4965    0 1
4966    0 1
4967    0 1
4968    0 1
4972    0 1
4973    0 1
4974    0 1
4975    0 1
4976    0 1
4977    0 1
4978    0 0
4979    0 0
4980    0 0
4981    0 0
4982    0 0
4983    0 0
4984    0 0
4985    0 0
4986    0 0
4987    0 0
5049    0 0
5049    0 1
6221 5239 1
5052    0 1
5053    0 1
5054    0 1
5055    0 1
5056    0 1
5057    0 1
5058    0 1
5059    0 1
5060    0 1
5061    0 1
5062    0 1
5063    0 1
5065    0 0
5066    0 0
5067    0 0
5068    0 0
5069    0 1
5070    0 1
5071    0 1
5072    0 1
5073    0 1
5074    0 1
5075    0 1
5076    0 1
5077    0 1
5078    0 1
5079    0 1
5080    0 1
5081    0 1
5082    0 1
5083    0 1
5084    0 1
5085    0 1
5086    0 1
5087    0 1
5088    0 1
5089    0 1
5090    0 1
5091    0 1
5092    0 1
5093    0 1
5094    0 1
5095    0 1
5096    0 1
5097    0 1
5098    0 1
5099    0 1
5100    0 1
5101    0 1
5102    0 1
5103    0 1
5104    0 1
5105    0 1
5106    0 1
5107    0 1
5108    0 1
5109    0 1
5110    0 1
5111    0 1
5112    0 1
5113    0 1
5114    0 1
5115    0 1
5116    0 1
5117    0 0
5118    0 0
5119    0 0
5120    0 1
5121    0 1
5122    0 1
5123    0 1
5124    0 1
5125    0 1
5126    0 1
5127    0 1
5128    0 1
5129    0 1
5130    0 1
5131    0 1
5132    0 0
5133    0 0
5135    0 1
5136    0 1
5137    0 1
5138    0 1
5139    0 1
5140    0 1
5141    0 1
5142    0 1
5143    0 1
5144    0 1
5145    0 1
5146    0 1
5147    0 1
5148    0 1
5150    0 0
5150    0 1
6474 3857 1
6719 3857 1
5153    0 1
5154    0 1
5155    0 1
5156    0 1
5157    0 0
5157    0 1
6721 3878 1
6476 3878 1
5160    0 1
5161    0 1
5162    0 1
5163    0 0
5164    0 0
5165    0 0
5166    0 0
5166    0 1
6045 4099 0
5726 4099 1
5169    0 0
5169    0 1
6816 4236 1
5172    0 1
5173    0 0
5173    0 1
7153 4406 1
5176    0 1
5177    0 0
5177    0 1
6990 4552 1
5180    0 0
5180    0 1
5616 4679 1
5183    0 0
5183    0 1
6953 4687 1
5186    0 0
5186    0 1
6954 4695 1
5189    0 0
5189    0 1
6955 4703 1
5192    0 0
5192    0 1
6956 4711 1
5195    0 0
5195    0 1
6843 4724 1
5198    0 1
5199    0 0
5199    0 1
7885 4855 1
5202    0 0
5202    0 1
7945 4865 1
5205    0 0
5205    0 1
7159 4870 1
5208    0 0
5208    0 1
7886 4913 1
5211    0 0
5211    0 1
7946 4923 1
5214    0 0
5214    0 1
7751 4951 1
5217    0 0
5217    0 1
6999 5006 1
5220    0 0
5220    0 1
7795 5039 1
5223    0 1
5224    0 1
5225    0 1
5226    0 1
5227    0 1
5228    0 1
5229    0 1
5230    0 1
5232    0 1
5233    0 1
5234    0 1
5235    0 1
5236    0 0
5236    0 1
6378 5386 1
5239    0 1
5240    0 0
5240    0 1
5241    0 1
5242    0 1
5243    0 1
5244    0 1
5245    0 1
5246    0 1
5247    0 1
5248    0 1
5249    0 1
5250    0 1
5252    0 1
5253    0 1
5254    0 1
5255    0 1
5256    0 1
5257    0 1
5258    0 1
5259    0 1
5260    0 1
5261    0 1
5262    0 1
5263    0 1
5264    0 0
5264    0 1
6153 1778 1
6154 1778 1
5954 1778 1
6156 1778 1
6157 1778 1
6155 1778 1
6149 1778 1
6158 1778 1
5274    0 1
5275    0 1
5282    0 1
5283    0 1
5284    0 0
5284    0 1
6175 2021 1
6179 2021 1
6180 2021 1
6181 2021 1
6005 2021 1
6182 2021 1
6183 2021 1
6184 2021 1
6006 2021 1
6185 2021 1
6186 2021 1
5298    0 1
5299    0 1
5300    0 1
5303    0 1
5304    0 1
5305    0 1
5306    0 1
5307    0 1
5308    0 1
5309    0 1
5310    0 1
5311    0 1
5312    0 1
5315    0 0
5315    0 1
6719 3862 1
6473 3862 1
5319    0 0
5319    0 1
5324    0 0
5324    0 1
6721 3883 1
6475 3883 1
5328    0 0
5328    0 1
5331    0 1
5332    0 1
5346    0 0
5346    0 1
6856 4756 1
5363    0 1
5364    0 1
5365    0 1
5366    0 1
5367    0 1
5368    0 1
5369    0 1
5370    0 1
5371    0 0
5371    0 1
6024 5236 1
5374    0 0
5374    0 1
6066 5286 1
5377    0 0
5377    0 1
7002 5379 1
5382    0 0
5382    0 1
6069 5389 1
5385    0 0
5385    0 1
6477 5425 1
5388    0 0
5388    0 1
5389    0 0
5389    0 1
6075 1023 1
6076 1023 1
6077 1023 1
6080 1023 1
5396    0 0
5396    0 1
6076 1034 1
6077 1034 1
6080 1034 1
6086 1034 1
6087 1034 1
6083 1034 1
6084 1034 1
6085 1034 1
5407    0 0
5407    0 1
6080 1052 1
6077 1052 1
6087 1052 1
6084 1052 1
6085 1052 1
6088 1052 1
6089 1052 1
6090 1052 1
5418    0 0
5418    0 1
6080 1080 1
6089 1080 1
6085 1080 1
7176 1080 1
5424    0 0
5424    0 1
6091 1089 1
6094 1089 1
6095 1089 1
6096 1089 1
6097 1089 1
5431    0 0
5431    0 1
6095 1100 1
6096 1100 1
6098 1100 1
6099 1100 1
6100 1100 1
6097 1100 1
6091 1100 1
6101 1100 1
5441    0 0
5441    0 1
6096 1116 1
6097 1116 1
6099 1116 1
6100 1116 1
6101 1116 1
6091 1116 1
6102 1116 1
6103 1116 1
6104 1116 1
5452    0 0
5452    0 1
6091 1134 1
6097 1134 1
6100 1134 1
6101 1134 1
6103 1134 1
6104 1134 1
6105 1134 1
6106 1134 1
5462    0 0
5462    0 1
6101 1152 1
6091 1152 1
6104 1152 1
6106 1152 1
6107 1152 1
5469    0 1
5470    0 0
5470    0 1
6071 1278 1
6072 1278 1
6073 1278 1
6108 1278 1
5477    0 0
5477    0 1
6108 1289 1
6072 1289 1
6073 1289 1
6111 1289 1
6112 1289 1
6113 1289 1
6114 1289 1
6115 1289 1
5488    0 0
5488    0 1
6137 1307 1
6108 1307 1
6112 1307 1
6113 1307 1
6073 1307 1
6115 1307 1
6116 1307 1
5498    0 0
5498    0 1
6120 1332 1
6121 1332 1
6122 1332 1
6117 1332 1
6123 1332 1
5506    0 0
5506    0 1
6117 1344 1
6121 1344 1
6122 1344 1
6123 1344 1
6124 1344 1
6125 1344 1
6126 1344 1
6127 1344 1
6128 1344 1
6129 1344 1
6130 1344 1
5520    0 0
5520    0 1
6122 1365 1
6117 1365 1
6123 1365 1
6125 1365 1
6126 1365 1
6127 1365 1
6129 1365 1
6130 1365 1
6131 1365 1
6132 1365 1
6133 1365 1
6134 1365 1
6135 1365 1
5536    0 0
5536    0 1
6117 1390 1
6126 1390 1
6123 1390 1
6130 1390 1
6127 1390 1
6132 1390 1
6133 1390 1
6135 1390 1
6136 1390 1
6138 1390 1
5549    0 0
5549    0 1
6108 1422 1
6113 1422 1
6137 1422 1
5555    0 0
5555    0 1
6117 1430 1
6127 1430 1
6138 1430 1
6133 1430 1
5562    0 0
5562    0 1
6140 1730 1
6074 1730 1
6145 1730 1
6143 1730 1
6144 1730 1
6146 1730 1
6147 1730 1
6148 1730 1
5573    0 0
5573    0 1
6140 1758 1
6147 1758 1
6144 1758 1
7181 1758 1
5579    0 0
5579    0 1
6149 1767 1
6152 1767 1
6153 1767 1
6154 1767 1
6155 1767 1
5595    0 0
5595    0 1
6154 1794 1
6155 1794 1
6156 1794 1
6157 1794 1
6158 1794 1
6149 1794 1
6159 1794 1
6160 1794 1
6161 1794 1
5606    0 0
5606    0 1
6149 1812 1
6155 1812 1
6157 1812 1
6158 1812 1
6160 1812 1
6161 1812 1
6162 1812 1
6163 1812 1
5616    0 1
5617    0 1
5618    0 1
5619    0 1
5620    0 1
5621    0 1
5622    0 1
5624    0 0
5624    0 1
6193 1984 1
6168 1984 1
6171 1984 1
6172 1984 1
6078 1984 1
6173 1984 1
6174 1984 1
5634    0 0
5634    0 1
6178 2009 1
6179 2009 1
6180 2009 1
6175 2009 1
6181 2009 1
5655    0 0
5655    0 1
6180 2042 1
6175 2042 1
6181 2042 1
6182 2042 1
6183 2042 1
6184 2042 1
6185 2042 1
6186 2042 1
6187 2042 1
6188 2042 1
6189 2042 1
6190 2042 1
6191 2042 1
5671    0 0
5671    0 1
6175 2067 1
6183 2067 1
6181 2067 1
6186 2067 1
6184 2067 1
6188 2067 1
6189 2067 1
6191 2067 1
6192 2067 1
6194 2067 1
5684    0 0
5684    0 1
6168 2099 1
6172 2099 1
6193 2099 1
5690    0 1
5691    0 1
5692    0 0
5692    0 1
6861 3445 1
6712 3445 1
5696    0 0
5696    0 1
6860 3454 1
6712 3454 1
5700    0 0
5700    0 1
5703    0 0
5703    0 1
6863 3468 1
6714 3468 1
5707    0 0
5707    0 1
6862 3477 1
6714 3477 1
5711    0 0
5711    0 1
5726    0 0
5727    0 1
5728    0 1
5730    0 1
5731    0 1
5732    0 1
5733    0 1
5734    0 1
5735    0 1
5736    0 0
5736    0 1
6631 5216 1
5739    0 0
5739    0 1
6630 5219 1
5742    0 0
5742    0 1
6633 5226 1
5745    0 0
5745    0 1
6632 5229 1
5755    0 1
5756    0 0
5756    0 1
6235 5422 1
5954    0 0
5955    0 1
5956    0 1
6005    0 0
6006    0 0
6023    0 1
6024    0 1
6025    0 0
6025    0 1
6720 3866 1
6474 3866 1
6028    0 0
6028    0 1
6722 3887 1
6476 3887 1
6031    0 0
6031    0 1
6473 3918 1
6034    0 0
6034    0 1
6474 3922 1
6037    0 0
6037    0 1
6475 3926 1
6040    0 0
6040    0 1
6476 3930 1
6044    0 1
6045    0 0
6045    0 1
6478 4104 1
6879 4104 1
6048    0 0
6048    0 1
6965 4743 1
6051    0 0
6051    0 1
8009 4991 1
6054    0 0
6054    0 1
8034 5001 1
6065    0 1
6066    0 1
6067    0 1
6068    0 1
6069    0 1
6071    0 0
6072    0 0
6073    0 0
6074    0 0
6075    0 0
6076    0 0
6077    0 0
6078    0 0
6079    0 1
6080    0 0
6080    0 1
6803 1166 1
6648 1166 1
6083    0 0
6084    0 0
6085    0 0
6086    0 0
6087    0 0
6088    0 0
6089    0 0
6090    0 0
6091    0 0
6091    0 1
6648 1179 1
6664 1179 1
6094    0 0
6095    0 0
6096    0 0
6097    0 0
6098    0 0
6099    0 0
6100    0 0
6101    0 0
6102    0 0
6103    0 0
6104    0 0
6105    0 0
6106    0 0
6107    0 0
6108    0 0
6108    0 1
6641 1437 1
6801 1437 1
6111    0 0
6112    0 0
6113    0 0
6114    0 0
6115    0 0
6116    0 0
6117    0 0
6117    0 1
6641 1451 1
6120    0 0
6121    0 0
6122    0 0
6123    0 0
6124    0 0
6125    0 0
6126    0 0
6127    0 0
6128    0 0
6129    0 0
6130    0 0
6131    0 0
6132    0 0
6133    0 0
6134    0 0
6135    0 0
6136    0 0
6137    0 0
6138    0 0
6139    0 1
6140    0 0
6140    0 1
6643 1843 1
6802 1843 1
6143    0 0
6144    0 0
6145    0 0
6146    0 0
6147    0 0
6148    0 0
6149    0 0
6149    0 1
6643 1857 1
6693 1857 1
6152    0 0
6153    0 0
6154    0 0
6155    0 0
6156    0 0
6157    0 0
6158    0 0
6159    0 0
6160    0 0
6161    0 0
6162    0 0
6163    0 0
6164    0 0
6164    0 1
6718 1878 1
6168    0 0
6168    0 1
6646 2113 1
6804 2113 1
6171    0 0
6172    0 0
6173    0 0
6174    0 0
6175    0 0
6175    0 1
6646 2128 1
6178    0 0
6179    0 0
6180    0 0
6181    0 0
6182    0 0
6183    0 0
6184    0 0
6185    0 0
6186    0 0
6187    0 0
6188    0 0
6189    0 0
6190    0 0
6191    0 0
6192    0 0
6193    0 0
6194    0 0
6197    0 0
6197    0 1
6860 3449 1
6713 3449 1
6200    0 0
6200    0 1
6861 3458 1
6713 3458 1
6203    0 0
6203    0 1
6862 3472 1
6715 3472 1
6206    0 0
6206    0 1
6863 3481 1
6715 3481 1
6209    0 0
6209    0 1
6712 3497 1
6212    0 0
6212    0 1
6713 3501 1
6215    0 0
6215    0 1
6714 3505 1
6218    0 0
6218    0 1
6715 3509 1
6221    0 1
6234    0 1
6235    0 1
6238    0 0
6238    0 1
6650 4191 1
6241    0 0
6241    0 1
6935 4199 1
6244    0 0
6244    0 1
6936 4207 1
6247    0 0
6247    0 1
6937 4215 1
6250    0 0
6250    0 1
6938 4223 1
6253    0 0
6253    0 1
6660 4231 1
6256    0 0
6256    0 1
6662 4239 1
6259    0 0
6259    0 1
6946 4247 1
6262    0 0
6262    0 1
6947 4255 1
6265    0 0
6265    0 1
6948 4263 1
6268    0 0
6268    0 1
6949 4271 1
6271    0 0
6271    0 1
7743 4371 1
6274    0 0
6274    0 1
7815 4381 1
6277    0 0
6277    0 1
7879 4391 1
6280    0 0
6280    0 1
7943 4401 1
6283    0 0
6283    0 1
7744 4429 1
6286    0 0
6286    0 1
7816 4439 1
6289    0 0
6289    0 1
7880 4449 1
6292    0 0
6292    0 1
7944 4459 1
6295    0 0
6295    0 1
7787 4497 1
6298    0 0
6298    0 1
7851 4507 1
6301    0 0
6301    0 1
7917 4517 1
6304    0 0
6304    0 1
7984 4527 1
6307    0 0
6307    0 1
8031 4537 1
6310    0 0
6310    0 1
8032 4547 1
6313    0 0
6313    0 1
7788 4585 1
6316    0 0
6316    0 1
7852 4595 1
6319    0 0
6319    0 1
7918 4605 1
6322    0 0
6322    0 1
7985 4615 1
6325    0 0
6325    0 1
6689 4719 1
6328    0 0
6328    0 1
6691 4727 1
6331    0 0
6331    0 1
6964 4735 1
6335    0 0
6335    0 1
6966 4751 1
6338    0 0
6338    0 1
6699 4759 1
6341    0 0
6341    0 1
7749 4835 1
6344    0 0
6344    0 1
7821 4845 1
6347    0 0
6347    0 1
7750 4893 1
6350    0 0
6350    0 1
7822 4903 1
6353    0 0
6353    0 1
7823 4961 1
6356    0 0
6356    0 1
7887 4971 1
6359    0 0
6359    0 1
7951 4981 1
6364    0 0
6364    0 1
7859 5049 1
6367    0 0
6367    0 1
7923 5059 1
6370    0 0
6370    0 1
7987 5069 1
6373    0 1
6374    0 1
6375    0 1
6376    0 1
6377    0 1
6378    0 1
6382    0 0
6386    0 0
6388    0 0
6392    0 0
6397    0 0
6397    0 1
6803 1185 1
6817 1185 0
6411    0 0
6411    0 1
6881 1448 0
6415    0 0
6415    0 1
6801 1458 1
7989 1458 1
6419    0 0
6419    0 1
6891 1478 0
6427    0 0
6427    0 1
6802 1863 1
6844 1863 0
6434    0 1
6437    0 0
6437    0 1
6901 2125 0
6441    0 0
6441    0 1
6804 2135 1
7995 2135 1
6445    0 0
6445    0 1
6909 2155 0
6448    0 1
6449    0 1
6466    0 0
6466    0 1
6469    0 1
6470    0 1
6471    0 1
6472    0 1
6473    0 0
6474    0 0
6475    0 0
6476    0 0
6477    0 1
6478    0 0
6478    0 1
6879 4107 1
6880 4107 1
6482    0 0
6482    0 1
6808 4196 1
6486    0 0
6486    0 1
6810 4204 1
6490    0 0
6490    0 1
6812 4212 1
6494    0 0
6494    0 1
6814 4220 1
6500    0 0
6500    0 1
6824 4244 1
6504    0 0
6504    0 1
6826 4252 1
6508    0 0
6508    0 1
6828 4260 1
6512    0 0
6512    0 1
6830 4268 1
6516    0 0
6516    0 1
7492 4361 1
6526    0 0
6526    0 1
7493 4419 1
6536    0 0
6536    0 1
6890 4467 1
6539    0 0
6539    0 1
7657 4487 1
6553    0 0
6553    0 1
6896 4555 1
6556    0 0
6556    0 1
7658 4575 1
6566    0 0
6566    0 1
6835 4684 1
6569    0 0
6569    0 1
6837 4692 1
6572    0 0
6572    0 1
6839 4700 1
6575    0 0
6575    0 1
6841 4708 1
6580    0 0
6580    0 1
6851 4732 1
6584    0 0
6584    0 1
6853 4740 1
6587    0 0
6587    0 1
6855 4748 1
6592    0 0
6592    0 1
7498 4825 1
6599    0 0
6599    0 1
7499 4883 1
6606    0 0
6606    0 1
7160 4928 1
6609    0 0
6609    0 1
7500 4941 1
6619    0 0
6619    0 1
6915 5009 1
6622    0 0
6622    0 1
7665 5029 1
6630    0 1
6631    0 1
6632    0 1
6633    0 1
6634    0 0
6634    0 1
6923 5376 1
6637    0 0
6637    0 1
7206 5417 1
6640    0 1
6641    0 0
6641    0 1
6643    0 0
6643    0 1
6646    0 0
6646    0 1
6648    0 0
6648    0 1
6650    0 1
6651    0 1
6653    0 1
6655    0 1
6657    0 1
6659    0 1
6660    0 1
6661    0 1
6662    0 1
6663    0 1
6664    0 0
6666    0 1
6668    0 1
6670    0 1
6672    0 1
6675    0 1
6680    0 1
6681    0 1
6682    0 1
6683    0 1
6689    0 1
6690    0 1
6691    0 1
6692    0 1
6693    0 0
6695    0 1
6698    0 1
6699    0 1
6700    0 1
6703    0 1
6708    0 1
6709    0 1
6710    0 1
6711    0 1
6712    0 0
6713    0 0
6714    0 0
6715    0 0
6716    0 0
6716    0 1
6718    0 0
6719    0 0
6720    0 0
6721    0 0
6722    0 0
6724    0 0
6724    0 1
6739    0 1
6740    0 1
6741    0 1
6744    0 1
6745    0 1
6746    0 1
6751    0 1
6752    0 1
6753    0 1
6754    0 1
6755    0 1
6760    0 1
6761    0 1
6762    0 1
6772    0 1
6773    0 1
6776    0 1
6777    0 1
6782    0 1
6783    0 1
6784    0 1
6785    0 1
6790    0 1
6791    0 1
6792    0 0
6792    0 1
7268 5247 1
6795    0 0
6795    0 1
7269 5255 1
6801    0 0
6802    0 0
6803    0 0
6804    0 0
6805    0 1
6806    0 1
6807    0 1
6808    0 1
6809    0 1
6810    0 1
6811    0 1
6812    0 1
6813    0 1
6814    0 1
6815    0 1
6816    0 1
6817    0 0
6817    0 1
7040 1225 1
7126 1225 1
7127 1225 1
7125 1225 1
6823    0 1
6824    0 1
6825    0 1
6826    0 1
6827    0 1
6828    0 1
6829    0 1
6830    0 1
6831    0 0
6831    0 1
7041 1462 1
7988 1462 1
6834    0 1
6835    0 1
6836    0 1
6837    0 1
6838    0 1
6839    0 1
6840    0 1
6841    0 1
6842    0 1
6843    0 1
6844    0 0
6844    0 1
7064 1903 1
7140 1903 1
7141 1903 1
7139 1903 1
6850    0 1
6851    0 1
6852    0 1
6853    0 1
6854    0 1
6855    0 1
6856    0 1
6857    0 0
6857    0 1
7065 2139 1
7994 2139 1
6860    0 0
6861    0 0
6862    0 0
6863    0 0
6866    0 0
6866    0 1
7013 3848 1
7016 3848 1
7011 3848 1
7012 3848 1
6872    0 1
6873    0 1
6874    0 1
6875    0 1
6876    0 1
6877    0 0
6877    0 1
6879    0 0
6880    0 0
6881    0 0
6881    0 1
7073 4351 1
6884    0 1
6885    0 0
6885    0 1
7075 4409 1
6888    0 1
6889    0 1
6890    0 1
6891    0 0
6891    0 1
7320 4477 1
6894    0 1
6895    0 1
6896    0 1
6897    0 0
6897    0 1
7321 4565 1
6900    0 1
6901    0 0
6901    0 1
7085 4815 1
6904    0 1
6905    0 0
6905    0 1
7087 4873 1
6908    0 1
6909    0 0
6909    0 1
7089 4931 1
6912    0 1
6913    0 1
6914    0 1
6915    0 1
6916    0 0
6916    0 1
7328 5019 1
6919    0 1
6922    0 1
6923    0 1
6924    0 0
6924    0 1
6925    0 0
6925    0 1
6926    0 0
6926    0 1
6927    0 0
6927    0 1
6930    0 1
6932    0 0
6932    0 1
7146 1200 1
6935    0 1
6936    0 1
6937    0 1
6938    0 1
6940    0 1
6946    0 1
6947    0 1
6948    0 1
6949    0 1
6953    0 1
6954    0 1
6955    0 1
6956    0 1
6958    0 1
6964    0 1
6965    0 1
6966    0 1
6967    0 0
6967    0 1
7147 1931 1
6973    0 1
6974    0 1
6975    0 1
6976    0 1
6977    0 1
6978    0 1
6979    0 0
6979    0 1
7624 4113 1
7114 4113 1
7489 4113 1
6987    0 1
6990    0 1
6999    0 1
7002    0 1
7003    0 0
7003    0 1
7300 5406 1
7006    0 0
7006    0 1
7151 5414 1
7011    0 0
7012    0 0
7013    0 0
7015    0 0
7015    0 1
7016    0 0
7018    0 1
7020    0 1
7022    0 1
7023    0 0
7023    0 1
7173 1231 1
7175 1231 1
7176 1231 1
7174 1231 1
7028    0 0
7028    0 1
7207 1238 1
7031    0 0
7031    0 1
7189 1243 1
7034    0 0
7034    0 1
7188 1248 1
7037    0 0
7037    0 1
7187 1253 1
7040    0 0
7041    0 0
7041    0 1
7990 1483 1
7044    0 1
7046    0 1
7048    0 1
7049    0 0
7049    0 1
7178 1909 1
7180 1909 1
7181 1909 1
7179 1909 1
7054    0 0
7054    0 1
7208 1916 1
7057    0 0
7057    0 1
7197 1921 1
7060    0 0
7060    0 1
7196 1926 1
7064    0 0
7065    0 0
7065    0 1
7996 2160 1
7072    0 1
7073    0 1
7074    0 1
7075    0 1
7076    0 0
7076    0 1
7216 4474 1
7079    0 1
7080    0 0
7080    0 1
7218 4562 1
7083    0 1
7084    0 1
7085    0 1
7086    0 1
7087    0 1
7088    0 1
7089    0 1
7090    0 0
7090    0 1
7229 5016 1
7093    0 1
7094    0 0
7094    0 1
7184 5244 1
7097    0 0
7097    0 1
7186 5252 1
7101    0 0
7101    0 1
7204 5409 1
7105    0 1
7110    0 1
7114    0 0
7115    0 1
7116    0 1
7125    0 0
7126    0 0
7127    0 0
7130    0 1
7131    0 1
7139    0 0
7140    0 0
7141    0 0
7146    0 0
7147    0 0
7149    0 1
7150    0 1
7151    0 1
7152    0 1
7153    0 1
7158    0 1
7159    0 1
7160    0 1
7166    0 1
7167    0 1
7168    0 1
7169    0 1
7170    0 1
7171    0 1
7172    0 1
7173    0 0
7174    0 0
7175    0 0
7176    0 0
7177    0 1
7178    0 0
7179    0 0
7180    0 0
7181    0 0
7182    0 1
7183    0 1
7184    0 1
7185    0 1
7186    0 1
7187    0 0
7188    0 0
7189    0 0
7190    0 0
7190    0 1
7342 3790 1
7364 3790 1
7338 3790 1
7340 3790 1
7196    0 0
7197    0 0
7198    0 0
7198    0 1
7349 3849 1
7357 3849 1
7339 3849 1
7341 3849 1
7204    0 1
7205    0 1
7206    0 1
7207    0 0
7208    0 0
7209    0 0
7209    0 1
7406 4358 1
7212    0 0
7212    0 1
7408 4416 1
7215    0 1
7216    0 1
7217    0 1
7218    0 1
7219    0 0
7219    0 1
7416 4822 1
7222    0 0
7222    0 1
7418 4880 1
7225    0 0
7225    0 1
7420 4938 1
7228    0 1
7229    0 1
7236    0 0
7236    0 1
7484 1258 1
7239    0 0
7239    0 1
7483 1263 1
7242    0 0
7242    0 1
7482 1268 1
7245    0 0
7245    0 1
7481 1273 1
7250    0 0
7250    0 1
7625 1936 1
7464 1936 1
7489 1936 1
7488 1936 1
7257    0 0
7257    0 1
7487 1944 1
7260    0 0
7260    0 1
7486 1949 1
7263    0 0
7263    0 1
7485 1954 1
7268    0 1
7269    0 1
7270    0 0
7270    0 1
7456 3791 1
7463 3791 1
7436 3791 1
7444 3791 1
7276    0 0
7276    0 1
7455 3792 1
7462 3792 1
7438 3792 1
7446 3792 1
7282    0 0
7282    0 1
7453 3793 1
7460 3793 1
7440 3793 1
7448 3793 1
7288    0 0
7288    0 1
7454 3850 1
7461 3850 1
7437 3850 1
7445 3850 1
7294    0 0
7294    0 1
7452 3851 1
7459 3851 1
7439 3851 1
7447 3851 1
7300    0 1
7301    0 0
7301    0 1
7479 3965 1
7304    0 0
7304    0 1
7451 4024 1
7458 4024 1
7434 4024 1
7442 4024 1
7310    0 0
7310    0 1
7450 4082 1
7457 4082 1
7433 4082 1
7441 4082 1
7320    0 1
7321    0 1
7328    0 1
7338    0 0
7339    0 0
7340    0 0
7341    0 0
7342    0 0
7349    0 0
7357    0 0
7363    0 0
7363    0 1
7364    0 0
7365    0 0
7365    0 1
7394    0 0
7394    0 1
7397    0 0
7397    0 1
7402    0 0
7402    0 1
7530 3962 1
7405    0 1
7406    0 1
7407    0 1
7408    0 1
7409    0 0
7409    0 1
7586 4484 1
7412    0 0
7412    0 1
7588 4572 1
7415    0 1
7416    0 1
7417    0 1
7418    0 1
7419    0 1
7420    0 1
7421    0 0
7421    0 1
7599 5026 1
7424    0 1
7425    0 1
7426    0 1
7427    0 1
7428    0 1
7429    0 1
7430    0 1
7431    0 1
7432    0 0
7432    0 1
7433    0 0
7434    0 0
7435    0 1
7436    0 0
7437    0 0
7438    0 0
7439    0 0
7440    0 0
7441    0 0
7442    0 0
7443    0 1
7444    0 0
7445    0 0
7446    0 0
7447    0 0
7448    0 0
7449    0 0
7449    0 1
7450    0 0
7451    0 0
7452    0 0
7453    0 0
7454    0 0
7455    0 0
7456    0 0
7457    0 0
7458    0 0
7459    0 0
7460    0 0
7461    0 0
7462    0 0
7463    0 0
7464    0 0
7465    0 0
7465    0 1
7466    0 0
7466    0 1
7467    0 0
7467    0 1
7468    0 1
7469    0 0
7469    0 1
7470    0 0
7470    0 1
7471    0 0
7471    0 1
7472    0 0
7472    0 1
7473    0 0
7473    0 1
7474    0 0
7474    0 1
7476    0 0
7476    0 1
7479    0 0
7481    0 0
7482    0 0
7483    0 0
7484    0 0
7485    0 0
7486    0 0
7487    0 0
7488    0 0
7489    0 0
7489    0 1
7624 4096 1
7625 4096 1
7492    0 1
7493    0 1
7498    0 1
7499    0 1
7500    0 1
7503    0 0
7503    0 1
7504    0 0
7504    0 1
7505    0 1
7506    0 0
7506    0 1
7507    0 1
7508    0 1
7509    0 1
7510    0 1
7511    0 0
7511    0 1
7512    0 1
7513    0 1
7514    0 1
7515    0 0
7515    0 1
7516    0 0
7516    0 1
7517    0 0
7517    0 1
7518    0 0
7518    0 1
7519    0 0
7519    0 1
7520    0 0
7520    0 1
7521    0 0
7521    0 1
7522    0 0
7522    0 1
7525    0 1
7526    0 0
7527    0 1
7528    0 1
7529    0 1
7530    0 0
7531    0 0
7531    0 1
7691 4025 1
7697 4025 1
7667 4025 1
7675 4025 1
7537    0 0
7537    0 1
7689 4026 1
7695 4026 1
7669 4026 1
7677 4026 1
7543    0 0
7543    0 1
7687 4027 1
7693 4027 1
7671 4027 1
7679 4027 1
7549    0 0
7549    0 1
7683 4028 1
7685 4028 1
7673 4028 1
7681 4028 1
7555    0 0
7555    0 1
7690 4083 1
7696 4083 1
7666 4083 1
7674 4083 1
7561    0 0
7561    0 1
7688 4084 1
7694 4084 1
7668 4084 1
7676 4084 1
7567    0 0
7567    0 1
7686 4085 1
7692 4085 1
7670 4085 1
7678 4085 1
7573    0 0
7573    0 1
7682 4086 1
7684 4086 1
7672 4086 1
7680 4086 1
7579    0 0
7579    0 1
7709 4368 1
7582    0 0
7582    0 1
7711 4426 1
7585    0 1
7586    0 1
7587    0 1
7588    0 1
7589    0 0
7589    0 1
7719 4832 1
7592    0 0
7592    0 1
7721 4890 1
7595    0 0
7595    0 1
7723 4948 1
7598    0 1
7599    0 1
7600    0 0
7600    0 1
7601    0 0
7601    0 1
7602    0 0
7602    0 1
7603    0 0
7603    0 1
7604    0 0
7604    0 1
7605    0 0
7605    0 1
7606    0 0
7606    0 1
7607    0 0
7607    0 1
7624    0 0
7625    0 0
7626    0 0
7626    0 1
7631    0 1
7636    0 0
7657    0 1
7658    0 1
7665    0 1
7666    0 0
7667    0 0
7668    0 0
7669    0 0
7670    0 0
7671    0 0
7672    0 0
7673    0 0
7674    0 0
7675    0 0
7676    0 0
7677    0 0
7678    0 0
7679    0 0
7680    0 0
7681    0 0
7682    0 0
7683    0 0
7684    0 0
7685    0 0
7686    0 0
7687    0 0
7688    0 0
7689    0 0
7690    0 0
7691    0 0
7692    0 0
7693    0 0
7694    0 0
7695    0 0
7696    0 0
7697    0 0
7698    0 0
7698    0 1
7699    0 0
7699    0 1
7700    0 0
7700    0 1
7701    0 0
7701    0 1
7702    0 0
7702    0 1
7703    0 0
7703    0 1
7704    0 0
7704    0 1
7705    0 0
7705    0 1
7706    0 0
7706    0 1
7707    0 0
7707    0 1
7708    0 1
7709    0 1
7710    0 1
7711    0 1
7712    0 0
7712    0 1
7769 4494 1
7715    0 0
7715    0 1
7771 4582 1
7718    0 1
7719    0 1
7720    0 1
7721    0 1
7722    0 1
7723    0 1
7724    0 0
7724    0 1
7782 5036 1
7727    0 1
7728    0 1
7729    0 1
7730    0 1
7731    0 1
7732    0 1
7733    0 1
7734    0 1
7735    0 0
7735    0 1
7736    0 0
7736    0 1
7737    0 0
7737    0 1
7738    0 0
7738    0 1
7739    0 0
7739    0 1
7740    0 0
7740    0 1
7741    0 0
7741    0 1
7742    0 0
7742    0 1
7743    0 1
7744    0 1
7749    0 1
7750    0 1
7751    0 1
7754    0 0
7754    0 1
7755    0 0
7755    0 1
7756    0 0
7756    0 1
7757    0 0
7757    0 1
7758    0 0
7758    0 1
7759    0 0
7759    0 1
7760    0 0
7760    0 1
7761    0 0
7761    0 1
7762    0 0
7762    0 1
7797 4378 1
7765    0 0
7765    0 1
7799 4436 1
7768    0 1
7769    0 1
7770    0 1
7771    0 1
7772    0 0
7772    0 1
7807 4842 1
7775    0 0
7775    0 1
7809 4900 1
7778    0 0
7778    0 1
7811 4958 1
7781    0 1
7782    0 1
7787    0 1
7788    0 1
7795    0 1
7796    0 1
7797    0 1
7798    0 1
7799    0 1
7800    0 0
7800    0 1
7833 4504 1
7803    0 0
7803    0 1
7835 4592 1
7806    0 1
7807    0 1
7808    0 1
7809    0 1
7810    0 1
7811    0 1
7812    0 0
7812    0 1
7846 5046 1
7815    0 1
7816    0 1
7821    0 1
7822    0 1
7823    0 1
7826    0 0
7826    0 1
7861 4388 1
7829    0 0
7829    0 1
7863 4446 1
7832    0 1
7833    0 1
7834    0 1
7835    0 1
7836    0 0
7836    0 1
7871 4852 1
7839    0 0
7839    0 1
7873 4910 1
7842    0 0
7842    0 1
7875 4968 1
7845    0 1
7846    0 1
7851    0 1
7852    0 1
7859    0 1
7860    0 1
7861    0 1
7862    0 1
7863    0 1
7864    0 0
7864    0 1
7897 4514 1
7867    0 0
7867    0 1
7899 4602 1
7870    0 1
7871    0 1
7872    0 1
7873    0 1
7874    0 1
7875    0 1
7876    0 0
7876    0 1
7910 5056 1
7879    0 1
7880    0 1
7885    0 1
7886    0 1
7887    0 1
7890    0 0
7890    0 1
7925 4398 1
7893    0 0
7893    0 1
7927 4456 1
7896    0 1
7897    0 1
7898    0 1
7899    0 1
7900    0 0
7900    0 1
7929 4862 1
7903    0 0
7903    0 1
7931 4920 1
7906    0 0
7906    0 1
7939 4978 1
7909    0 1
7910    0 1
7917    0 1
7918    0 1
7923    0 1
7924    0 1
7925    0 1
7926    0 1
7927    0 1
7928    0 1
7929    0 1
7930    0 1
7931    0 1
7932    0 0
7932    0 1
7967 4524 1
7935    0 0
7935    0 1
7969 4612 1
7938    0 1
7939    0 1
7940    0 0
7940    0 1
7974 5066 1
7943    0 1
7944    0 1
7945    0 1
7946    0 1
7951    0 1
7954    0 0
7954    0 1
7989 1489 1
7991 1489 1
7957    0 0
7957    0 1
7988 1494 1
7990 1494 1
7960    0 0
7960    0 1
7995 2166 1
7997 2166 1
7963    0 0
7963    0 1
7994 2171 1
7996 2171 1
7966    0 1
7967    0 1
7968    0 1
7969    0 1
7970    0 0
7970    0 1
7993 4988 1
7973    0 1
7974    0 1
7984    0 1
7985    0 1
7987    0 1
7988    0 0
7989    0 0
7990    0 0
7991    0 0
7992    0 1
7993    0 1
7994    0 0
7995    0 0
7996    0 0
7997    0 0
7998    0 0
7998    0 1
8021 4534 1
8001    0 0
8001    0 1
8023 4544 1
8004    0 0
8004    0 1
8027 4998 1
8009    0 1
8013    0 0
8013    0 1
8059 4620 1
8017    0 0
8017    0 1
8060 5074 1
8020    0 1
8021    0 1
8022    0 1
8023    0 1
8025    0 1
8026    0 1
8027    0 1
8031    0 1
8032    0 1
8033    0 1
8034    0 1
8035    0 0
8036    0 1
8037    0 1
8040    0 1
8041    0 0
8042    0 1
8043    0 0
8044    0 0
8045    0 0
8045    0 1
8055 4623 1
8048    0 0
8048    0 1
8057 5077 1
8055    0 1
8056    0 1
8057    0 1
8058    0 1
8059    0 1
8060    0 1
8061    0 0
8061    0 1
8072 1521 1
8064    0 0
8064    0 1
8071 2198 1
8071    0 0
8072    0 0
8073    0 1
8074    0 1
8075    0 0
8075    0 1
8076    0 0
8076    0 1
8077    0 0
8078    0 0
8079    0 0
8079    0 1
8089 3657 1
8091 3657 1
8082    0 0
8082    0 1
8090 3658 1
8092 3658 1
8089    0 0
8090    0 0
8091    0 0
8092    0 0
8093    0 0
8093    0 1
8118 3653 1
8120 3653 1
8096    0 0
8096    0 1
8117 3654 1
8119 3654 1
8099    0 0
8099    0 1
8114 3655 1
8116 3655 1
8102    0 0
8102    0 1
8113 3656 1
8115 3656 1
8113    0 0
8114    0 0
8115    0 0
8116    0 0
8117    0 0
8118    0 0
8119    0 0
8120    0 0
8121    0 1
8122    0 1
8123    0 0
8123    0 1
8124    0 0
8124    0 1
8127    0 0
8127    0 1
8128    0 0
8128    0 1
