   1    0 0
   1    0 1
   5    0 0
   5    0 1
   9    0 0
   9    0 1
 632    9 1
 628    9 1
  12    0 0
  12    0 1
 632   12 1
 628   12 1
  15    0 0
  15    0 1
  18    0 0
  18    0 1
  23    0 0
  23    0 1
1930   23 1
2346   23 1
  26    0 0
  26    0 1
1929   26 1
2345   26 1
  29    0 0
  29    0 1
1928   29 1
2344   29 1
  32    0 0
  32    0 1
2012   32 1
2381   32 1
  35    0 0
  35    0 1
2380   35 1
2011   35 1
  38    0 0
  38    0 1
  41    0 0
  41    0 1
2343   41 1
1927   41 1
  44    0 0
  44    0 1
2342   44 1
1926   44 1
  47    0 0
  47    0 1
2379   47 1
2010   47 1
  50    0 0
  50    0 1
2013   50 1
2382   50 1
  53    0 1
  54    0 1
  55    0 1
  56    0 1
  58    0 1
  59    0 1
  60    0 1
  61    0 1
  62    0 1
  63    0 1
  64    0 1
  65    0 1
  66    0 0
  66    0 1
2014   66 1
2383   66 1
  69    0 1
  70    0 0
  70    0 1
2367   70 1
2419   70 1
  73    0 1
  74    0 1
  75    0 1
  76    0 1
  77    0 1
  78    0 1
  79    0 1
  80    0 1
  81    0 1
  82    0 1
  83    0 1
  84    0 1
  85    0 1
  86    0 1
  87    0 1
  88    0 1
  89    0 0
  89    0 1
9407   89 1
9734   89 1
9790   89 1
9735   89 1
  94    0 0
  94    0 1
2324   94 1
2329   94 1
  97    0 0
  97    0 1
2323   97 1
2328   97 1
 100    0 0
 100    0 1
2303  100 1
2308  100 1
 103    0 0
 103    0 1
2304  103 1
2299  103 1
 106    0 0
 106    0 1
 109    0 1
 110    0 1
 111    0 1
 112    0 1
 113    0 1
 114    0 1
 115    0 0
 115    0 1
2326  115 1
2321  115 1
 118    0 0
 118    0 1
2327  118 1
2322  118 1
 121    0 0
 121    0 1
2325  121 1
2330  121 1
 124    0 0
 124    0 1
2302  124 1
2307  124 1
 127    0 0
 127    0 1
2301  127 1
2306  127 1
 130    0 0
 130    0 1
2305  130 1
2300  130 1
 133    0 1
 134    0 1
 135    0 0
 135    0 1
2281  135 1
2286  135 1
 138    0 0
 138    0 1
2279  138 1
2284  138 1
 141    0 0
 141    0 1
2282  141 1
2277  141 1
 144    0 0
 144    0 1
2280  144 1
2285  144 1
 147    0 0
 147    0 1
2278  147 1
2283  147 1
 150    0 1
 151    0 1
 152    0 1
 153    0 1
 154    0 1
 155    0 1
 156    0 1
 157    0 1
 158    0 1
 159    0 1
 160    0 1
 161    0 1
 162    0 1
 163    0 1
 164    0 1
 165    0 1
 166    0 1
 167    0 1
 168    0 1
 169    0 1
 170    0 1
 171    0 1
 172    0 1
 173    0 1
 174    0 1
 175    0 1
 176    0 1
 177    0 1
 178    0 1
 179    0 1
 180    0 1
 181    0 1
 182    0 1
 183    0 1
 184    0 1
 185    0 1
 186    0 1
 187    0 1
 188    0 1
 189    0 1
 190    0 1
 191    0 1
 192    0 1
 193    0 1
 194    0 1
 195    0 1
 196    0 1
 197    0 1
 198    0 1
 199    0 1
 200    0 1
 201    0 1
 202    0 1
 203    0 1
 204    0 1
 205    0 1
 206    0 1
 207    0 1
 208    0 1
 209    0 1
 210    0 1
 211    0 1
 212    0 1
 213    0 1
 214    0 1
 215    0 1
 216    0 1
 217    0 1
 218    0 1
 219    0 1
 220    0 1
 221    0 1
 222    0 1
 223    0 1
 224    0 1
 225    0 1
 226    0 1
 227    0 1
 228    0 1
 229    0 1
 230    0 1
 231    0 1
 232    0 1
 233    0 1
 234    0 1
 235    0 1
 236    0 1
 237    0 1
 238    0 1
 239    0 1
 240    0 1
 241    0 0
 241    0 1
 242    0 0
 242    0 1
1110 1197 1
1112 1197 1
 245    0 0
 245    0 1
2364 1455 1
 248    0 0
 248    0 1
 251    0 0
 251    0 1
 254    0 0
 254    0 1
 257    0 0
 257    0 1
 260    0 0
 260    0 1
 263    0 0
 263    0 1
 688 1492 1
 267    0 0
 267    0 1
 700 1496 1
 271    0 0
 271    0 1
2365 2204 1
 274    0 0
 274    0 1
 277    0 0
 277    0 1
 280    0 0
 280    0 1
 283    0 0
 283    0 1
 286    0 0
 286    0 1
 289    0 0
 289    0 1
 293    0 0
 293    0 1
 296    0 0
 296    0 1
 299    0 0
 299    0 1
 303    0 0
 303    0 1
 307    0 0
 307    0 1
 310    0 0
 310    0 1
 313    0 0
 313    0 1
 316    0 0
 316    0 1
 319    0 0
 319    0 1
 322    0 0
 322    0 1
 325    0 0
 325    0 1
 328    0 0
 328    0 1
 331    0 0
 331    0 1
 334    0 0
 334    0 1
 337    0 0
 337    0 1
 340    0 0
 340    0 1
 343    0 0
 343    0 1
 346    0 0
 346    0 1
 349    0 0
 349    0 1
 352    0 0
 352    0 1
 355    0 0
 355    0 1
 358    0 0
 358    0 1
 361    0 0
 361    0 1
 364    0 0
 364    0 1
 367    0 0
 367    0 1
10015 4526 1
10022 4526 1
10041 4526 1
10043 4526 1
9285 4526 1
9286 4526 1
9287 4526 1
9288 4526 1
9767 4526 1
9773 4526 1
10059 4526 1
10061 4526 1
 382    0 0
 382    0 1
 688 4528 1
 700 4528 1
1028 4528 1
1029 4528 1
 387    0 0
 387    0 1
 388    0 0
 388    0 1
 467    0 1
 469    0 0
 469    0 1
1109 1184 1
1113 1184 1
 478    0 0
 478    0 1
 482    0 0
 482    0 1
 484    0 0
 484    0 1
 486    0 0
 486    0 1
 489    0 0
 489    0 1
 492    0 0
 492    0 1
 494    0 0
 494    0 1
 887 1501 1
 501    0 0
 501    0 1
 505    0 0
 505    0 1
 507    0 0
 507    0 1
 509    0 0
 509    0 1
 511    0 0
 511    0 1
 513    0 0
 513    0 1
 515    0 0
 515    0 1
 517    0 0
 517    0 1
 519    0 0
 519    0 1
 528    0 0
 528    0 1
 886 2857 1
 535    0 0
 535    0 1
 537    0 0
 537    0 1
 539    0 0
 539    0 1
 541    0 0
 541    0 1
 543    0 0
 543    0 1
 545    0 0
 545    0 1
 547    0 0
 547    0 1
 549    0 0
 549    0 1
 551    0 0
 551    0 1
 553    0 0
 553    0 1
 556    0 0
 556    0 1
 559    0 0
 559    0 1
 561    0 0
 561    0 1
 563    0 0
 563    0 1
 565    0 0
 565    0 1
 567    0 0
 567    0 1
 569    0 0
 569    0 1
 571    0 0
 571    0 1
 573    0 0
 573    0 1
 575    0 0
 575    0 1
 887 4442 1
 578    0 0
 578    0 1
 886 4514 1
 582    0 0
 582    0 1
 585    0 1
 590    0 0
 590    0 1
 593    0 0
 593    0 1
1110  574 1
1112  574 1
 596    0 0
 596    0 1
1109  575 1
1113  575 1
 599    0 0
 599    0 1
3184 1178 1
3228 1178 1
 604    0 0
 604    0 1
3211 1186 1
3169 1186 1
 609    0 0
 609    0 1
3168 1192 1
3210 1192 1
 614    0 0
 614    0 1
1167 1198 1
1537 1198 1
1551 1198 1
1174 1198 1
1721 1198 0
1708 1198 0
 625    0 0
 625    0 1
 628    0 0
 628    0 1
 632    0 0
 632    0 1
 636    0 0
 636    0 1
1966 1210 1
1649 1210 1
 641    0 1
 642    0 1
 643    0 0
 643    0 1
 644    0 0
 644    0 1
3114 1464 1
3149 1464 1
3515 1464 0
1990 1464 1
 651    0 0
 651    0 1
3107 1471 1
3144 1471 1
1991 1471 1
 657    0 0
 657    0 1
 660    0 0
 660    0 1
3097 1482 1
3137 1482 1
1993 1482 1
 666    0 0
 666    0 1
3096 1488 1
3136 1488 1
1994 1488 1
 672    0 1
 673    0 1
 674    0 1
 676    0 0
 676    0 1
 682    0 0
 682    0 1
 689    0 0
 689    0 1
 695    0 0
 695    0 1
3381 1535 1
4769 1535 1
 700    0 0
 700    0 1
1167 1541 1
1174 1541 1
 705    0 1
 706    0 1
 707    0 0
 707    0 1
 708    0 0
 708    0 1
3202 2213 1
3241 2213 1
3628 2213 0
2065 2213 1
 715    0 0
 715    0 1
3195 2220 1
3236 2220 1
2066 2220 1
 721    0 0
 721    0 1
3189 2226 1
3232 2226 1
2067 2226 1
 727    0 0
 727    0 1
3185 2232 1
3229 2232 1
2068 2232 1
 733    0 1
 734    0 0
 734    0 1
3178 2241 1
3221 2241 1
3658 2241 0
3625 2241 0
2070 2241 1
 742    0 0
 742    0 1
3173 2249 1
3215 2249 1
2071 2249 1
 748    0 1
 749    0 1
 750    0 0
 750    0 1
11224 2828 1
11316 2828 1
11225 2828 1
 758    0 1
 759    0 0
 759    0 1
2366 3703 1
3033 3703 1
 762    0 0
 762    0 1
4570 3707 1
4603 3707 1
3034 3707 1
 768    0 0
 768    0 1
4566 3713 1
4597 3713 1
3035 3713 1
 774    0 0
 774    0 1
4563 3719 1
4593 3719 1
3036 3719 1
 780    0 0
 780    0 1
4562 3725 1
4592 3725 1
3037 3725 1
 786    0 0
 786    0 1
4555 3731 1
4586 3731 1
4871 3731 0
4844 3731 0
3038 3731 1
 794    0 0
 794    0 1
4549 3739 1
4581 3739 1
3039 3739 1
 800    0 0
 800    0 1
4545 3745 1
4577 3745 1
3040 3745 1
 806    0 0
 806    0 1
4544 3751 1
4576 3751 1
3041 3751 1
 812    0 1
 813    0 0
 813    0 1
 814    0 0
 814    0 1
4687 4396 1
4735 4396 1
3021 4396 1
5030 4396 0
 821    0 0
 821    0 1
4682 4402 1
4728 4402 1
3022 4402 1
 827    0 0
 827    0 1
4678 4407 1
4722 4407 1
3023 4407 1
 833    0 0
 833    0 1
4675 4412 1
4718 4412 1
3024 4412 1
 839    0 0
 839    0 1
4674 4417 1
4717 4417 1
3025 4417 1
 845    0 0
 845    0 1
4667 4422 1
4711 4422 1
3026 4422 1
5027 4422 0
4940 4422 0
 853    0 0
 853    0 1
4661 4429 1
4706 4429 1
3027 4429 1
 859    0 0
 859    0 1
4657 4434 1
4702 4434 1
3028 4434 1
 865    0 0
 865    0 1
4656 4439 1
4701 4439 1
3029 4439 1
 871    0 0
 871    0 1
9893 4833 1
 881    0 0
 881    0 1
 882    0 0
 882    0 1
 883    0 0
 883    0 1
 884    0 0
 884    0 1
 885    0 0
 885    0 1
 886    0 1
 887    0 1
 889    0 0
 889    0 1
 945    0 0
 945    0 1
 957    0 0
 957    0 1
1537 1519 1
1551 1519 1
1708 1519 0
1721 1519 0
1029    0 0
1029    0 1
1649 2883 1
1110    0 0
1110    0 1
1111    0 0
1111    0 1
1112    0 0
1112    0 1
1113    0 0
1113    0 1
1114    0 0
1114    0 1
1115    0 1
1116    0 0
1116    0 1
1781  572 1
1119    0 0
1119    0 1
2441  581 1
2454  581 1
2450  581 1
2446  581 1
2442  581 1
1125    0 0
1125    0 1
2240  587 0
1782  587 1
1795  587 1
1794  587 1
1793  587 1
1132    0 0
1132    0 1
2772  601 1
2775  601 1
2458  601 1
1136    0 0
1136    0 1
1798  606 1
1797  606 1
1796  606 1
1141    0 0
1141    0 1
2478  650 1
2474  650 1
2470  650 1
2466  650 1
2462  650 1
1147    0 0
1147    0 1
1812  657 1
1811  657 1
1815  657 1
1814  657 1
1813  657 1
1154    0 0
1154    0 1
2496  671 1
2488  671 1
2482  671 1
2508  671 1
2502  671 1
1160    0 0
1160    0 1
1818  678 1
1817  678 1
1816  678 1
1820  678 1
1819  678 1
1167    0 0
1167    0 1
3131  777 0
3507  777 0
3126  777 0
4303  777 0
1174    0 0
1175    0 0
1175    0 1
1858 1336 1
1857 1336 1
1861 1336 1
1860 1336 1
1859 1336 1
1182    0 0
1182    0 1
1864 1350 1
1863 1350 1
1862 1350 1
1866 1350 1
1865 1350 1
1189    0 0
1189    0 1
3101 1477 1
3140 1477 1
1194    0 0
1194    0 1
1199    0 0
1199    0 1
1206    0 0
1206    0 1
1211    0 0
1211    0 1
1927 2259 1
1926 2259 1
1930 2259 1
1929 2259 1
1928 2259 1
1218    0 0
1218    0 1
11222 2833 1
11308 2833 1
11223 2833 1
1222    0 0
1222    0 1
1966 2872 1
1227    0 0
1227    0 1
2638 2886 1
2632 2886 1
2626 2886 1
2619 2886 1
2728 2886 1
1233    0 0
1233    0 1
1957 2892 1
2347 2892 0
1960 2892 1
1959 2892 1
1958 2892 1
1240    0 0
1240    0 1
2766 2905 1
2769 2905 1
2644 2905 1
1244    0 0
1244    0 1
1963 2909 1
1962 2909 1
1961 2909 1
1249    0 0
1249    0 1
1990 3622 1
1989 3622 1
1993 3622 1
1992 3622 1
1991 3622 1
1256    0 0
1256    0 1
1996 3635 1
1995 3635 1
1994 3635 1
2680 3635 0
2674 3635 0
1263    0 0
1263    0 1
2011 3755 1
2010 3755 1
2014 3755 1
2013 3755 1
2012 3755 1
1270    0 0
1270    0 1
2065 4640 1
2064 4640 1
2068 4640 1
2067 4640 1
2066 4640 1
1277    0 0
1277    0 1
2071 4653 1
2070 4653 1
2069 4653 1
2073 4653 1
2072 4653 1
1284    0 0
1284    0 1
2108 4873 1
1287    0 0
1287    0 1
2107 4876 1
1290    0 0
1290    0 1
5167 4881 1
1293    0 0
1293    0 1
5168 4889 1
1296    0 0
1296    0 1
5170 4905 1
1299    0 0
1299    0 1
2268 4916 1
1302    0 0
1302    0 1
5171 4921 1
1305    0 0
1305    0 1
2113 5175 1
1308    0 0
1308    0 1
2112 5178 1
1311    0 0
1311    0 1
2274 5186 1
1314    0 0
1314    0 1
5172 5191 1
1317    0 0
1317    0 1
5173 5199 1
1320    0 0
1320    0 1
5175 5215 1
1323    0 0
1323    0 1
5176 5223 1
1326    0 0
1326    0 1
5196 5393 1
1329    0 0
1329    0 1
5197 5401 1
1332    0 0
1332    0 1
5198 5409 1
1335    0 0
1335    0 1
5199 5417 1
1338    0 0
1338    0 1
5200 5425 1
1341    0 0
1341    0 1
5201 5433 1
1344    0 0
1344    0 1
5202 5441 1
1347    0 0
1347    0 1
5203 5449 1
1350    0 0
1350    0 1
5204 5457 1
1353    0 0
1353    0 1
5205 5745 1
1356    0 0
1356    0 1
5206 5753 1
1359    0 0
1359    0 1
5207 5761 1
1362    0 0
1362    0 1
5208 5769 1
1365    0 0
1365    0 1
5209 5777 1
1368    0 0
1368    0 1
5210 5785 1
1371    0 0
1371    0 1
5211 5793 1
1374    0 0
1374    0 1
5212 5801 1
1377    0 0
1377    0 1
5213 5809 1
1380    0 0
1380    0 1
6540 5865 1
1383    0 0
1383    0 1
6541 5873 1
1386    0 0
1386    0 1
6542 5881 1
1389    0 0
1389    0 1
6543 5889 1
1392    0 0
1392    0 1
6544 5897 1
1395    0 0
1395    0 1
6545 5905 1
1398    0 0
1398    0 1
6546 5913 1
1401    0 0
1401    0 1
6547 5921 1
1404    0 0
1404    0 1
6555 5985 1
1407    0 0
1407    0 1
6556 5993 1
1410    0 0
1410    0 1
6557 6001 1
1413    0 0
1413    0 1
6558 6009 1
1416    0 0
1416    0 1
6559 6017 1
1419    0 0
1419    0 1
6560 6025 1
1422    0 0
1422    0 1
6561 6033 1
1425    0 0
1425    0 1
6569 6041 1
1428    0 0
1428    0 1
2355 6514 1
1431    0 0
1431    0 1
2653 6554 1
1434    0 0
1434    0 1
6621 6567 1
1437    0 0
1437    0 1
6622 6575 1
1440    0 0
1440    0 1
6623 6583 1
1443    0 0
1443    0 1
6624 6591 1
1446    0 0
1446    0 1
6625 6599 1
1449    0 0
1449    0 1
6626 6607 1
1452    0 0
1452    0 1
6627 6615 1
1455    0 0
1455    0 1
6628 6623 1
1458    0 0
1458    0 1
6629 6631 1
1461    0 0
1461    0 1
6649 6853 1
1464    0 0
1464    0 1
6650 6861 1
1467    0 0
1467    0 1
6651 6869 1
1470    0 0
1470    0 1
6652 6877 1
1473    0 0
1473    0 1
6653 6885 1
1476    0 0
1476    0 1
6654 6893 1
1479    0 0
1479    0 1
6655 6901 1
1482    0 0
1482    0 1
6656 6909 1
1485    0 0
1485    0 1
6657 6917 1
1489    0 0
1489    0 1
1490    0 0
1490    0 1
1537    0 0
1537    0 1
2867  784 1
2866  784 1
2868  784 1
2869  784 1
1551    0 0
1551    0 1
2878 1014 1
1649    0 0
1703    0 0
1703    0 1
2111 4913 1
1708    0 0
1708    0 1
6711 4929 1
1713    0 0
1713    0 1
2115 5183 1
1721    0 0
1721    0 1
4487 5231 1
1758    0 0
1758    0 1
2172 6511 1
1781    0 0
1781    0 1
1782    0 0
1783    0 0
1783    0 1
2239  594 0
2240  594 0
2242  594 0
2241  594 0
2243  594 0
1789    0 0
1789    0 1
2244  611 0
2245  611 0
2246  611 0
1793    0 0
1794    0 0
1795    0 0
1796    0 0
1797    0 0
1798    0 0
1799    0 0
1799    0 1
2247  664 0
2248  664 0
2250  664 0
2249  664 0
2251  664 0
1805    0 0
1805    0 1
2252  685 0
2253  685 0
2254  685 0
2255  685 0
2256  685 0
1811    0 0
1812    0 0
1813    0 0
1814    0 0
1815    0 0
1816    0 0
1817    0 0
1818    0 0
1819    0 0
1820    0 0
1821    0 1
1822    0 1
1828    0 1
1829    0 1
1830    0 1
1832    0 1
1833    0 1
1834    0 1
1835    0 1
1839    0 1
1840    0 1
1841    0 1
1842    0 1
1843    0 1
1845    0 0
1845    0 1
2277 1343 1
2278 1343 1
2280 1343 1
2279 1343 1
2281 1343 1
1851    0 0
1851    0 1
2282 1357 1
2283 1357 1
2284 1357 1
2285 1357 1
2286 1357 1
1857    0 0
1858    0 0
1859    0 0
1860    0 0
1861    0 0
1862    0 0
1863    0 0
1864    0 0
1865    0 0
1866    0 0
1867    0 1
1868    0 1
1869    0 1
1870    0 1
1871    0 1
1872    0 1
1873    0 1
1874    0 1
1875    0 1
1876    0 1
1877    0 1
1878    0 1
1879    0 1
1880    0 1
1881    0 1
1882    0 1
1883    0 1
1884    0 1
1885    0 0
1885    0 1
2300 2019 1
2299 2019 1
2303 2019 1
2302 2019 1
2301 2019 1
1892    0 0
1892    0 1
2306 2032 1
2305 2032 1
2304 2032 1
2308 2032 1
2307 2032 1
1899    0 0
1899    0 1
2322 2117 1
2321 2117 1
2325 2117 1
2324 2117 1
2323 2117 1
1906    0 0
1906    0 1
2328 2130 1
2327 2130 1
2326 2130 1
2330 2130 1
2329 2130 1
1913    0 0
1913    0 1
2337 2266 1
2338 2266 1
2340 2266 1
2339 2266 1
2341 2266 1
1919    0 0
1919    0 1
2344 2272 1
2343 2272 1
2342 2272 1
2346 2272 1
2345 2272 1
1926    0 0
1927    0 0
1928    0 0
1929    0 0
1930    0 0
1931    0 1
1932    0 1
1933    0 1
1934    0 1
1935    0 1
1936    0 1
1937    0 1
1938    0 1
1939    0 1
1940    0 1
1941    0 1
1942    0 1
1943    0 1
1944    0 1
1945    0 1
1946    0 1
1947    0 0
1947    0 1
2347 2899 0
2348 2899 0
2350 2899 0
2349 2899 0
2351 2899 0
1953    0 0
1953    0 1
2352 2914 0
2353 2914 0
2354 2914 0
1957    0 0
1958    0 0
1959    0 0
1960    0 0
1961    0 0
1962    0 0
1963    0 0
1965    0 1
1966    0 1
1967    0 1
1968    0 1
1969    0 1
1970    0 1
1971    0 1
1972    0 1
1973    0 1
1974    0 1
1975    0 1
1976    0 1
1977    0 0
1977    0 1
2358 3629 1
2359 3629 1
2361 3629 1
2360 3629 1
2362 3629 1
1983    0 0
1983    0 1
2363 3642 1
2364 3642 1
2365 3642 1
2366 3642 1
2367 3642 1
1989    0 0
1990    0 0
1991    0 0
1992    0 0
1993    0 0
1994    0 0
1995    0 0
1996    0 0
1997    0 0
1997    0 1
2374 3762 1
2375 3762 1
2377 3762 1
2376 3762 1
2378 3762 1
2003    0 0
2003    0 1
2381 3768 1
2380 3768 1
2379 3768 1
2383 3768 1
2382 3768 1
2010    0 0
2011    0 0
2012    0 0
2013    0 0
2014    0 0
2015    0 1
2016    0 1
2017    0 1
2018    0 1
2019    0 1
2020    0 1
2021    0 1
2022    0 1
2023    0 1
2024    0 0
2024    0 1
2397 4094 1
2396 4094 1
2400 4094 1
2399 4094 1
2398 4094 1
2031    0 0
2031    0 1
2403 4107 1
2402 4107 1
2401 4107 1
2405 4107 1
2404 4107 1
2038    0 0
2038    0 1
2419 4444 1
2418 4444 1
2422 4444 1
2421 4444 1
2420 4444 1
2045    0 0
2045    0 1
2425 4457 1
2424 4457 1
2423 4457 1
2427 4457 1
2426 4457 1
2052    0 0
2052    0 1
2428 4647 1
2429 4647 1
2431 4647 1
2430 4647 1
2432 4647 1
2058    0 0
2058    0 1
2433 4660 1
2434 4660 1
2435 4660 1
2436 4660 1
2437 4660 1
2064    0 0
2065    0 0
2066    0 0
2067    0 0
2068    0 0
2069    0 0
2070    0 0
2071    0 0
2072    0 0
2073    0 0
2074    0 0
2074    0 1
5169 4897 1
2081    0 0
2081    0 1
5174 5207 1
2086    0 0
2086    0 1
2357 6551 1
2107    0 1
2108    0 1
2110    0 1
2111    0 1
2112    0 1
2113    0 1
2114    0 1
2115    0 1
2117    0 1
2171    0 1
2172    0 1
2230    0 1
2231    0 0
2231    0 1
6712 4970 1
2235    0 0
2235    0 1
4488 5239 1
2239    0 1
2240    0 1
2241    0 1
2242    0 1
2243    0 1
2244    0 1
2245    0 1
2246    0 1
2247    0 1
2248    0 1
2249    0 1
2250    0 1
2251    0 1
2252    0 1
2253    0 1
2254    0 1
2255    0 1
2256    0 1
2257    0 0
2257    0 1
3134  765 1
3122  765 1
2867  765 1
3130  765 1
2866  765 1
2868  765 1
2869  765 1
2267    0 1
2268    0 1
2269    0 0
2269    0 1
3155 1007 1
2878 1007 1
2274    0 1
2275    0 1
2277    0 0
2278    0 0
2279    0 0
2280    0 0
2281    0 0
2282    0 0
2283    0 0
2284    0 0
2285    0 0
2286    0 0
2287    0 0
2287    0 1
2913 2026 1
2914 2026 1
2916 2026 1
2915 2026 1
2917 2026 1
2293    0 0
2293    0 1
2918 2039 1
2919 2039 1
2920 2039 1
2921 2039 1
2922 2039 1
2299    0 0
2300    0 0
2301    0 0
2302    0 0
2303    0 0
2304    0 0
2305    0 0
2306    0 0
2307    0 0
2308    0 0
2309    0 0
2309    0 1
2923 2124 1
2924 2124 1
2926 2124 1
2925 2124 1
2927 2124 1
2315    0 0
2315    0 1
2928 2137 1
2929 2137 1
2930 2137 1
2931 2137 1
2932 2137 1
2321    0 0
2322    0 0
2323    0 0
2324    0 0
2325    0 0
2326    0 0
2327    0 0
2328    0 0
2329    0 0
2330    0 0
2331    0 0
2331    0 1
2933 2279 1
2934 2279 1
2935 2279 1
2936 2279 1
2937 2279 1
2337    0 0
2338    0 0
2339    0 0
2340    0 0
2341    0 0
2342    0 0
2343    0 0
2344    0 0
2345    0 0
2346    0 0
2347    0 1
2348    0 1
2349    0 1
2350    0 1
2351    0 1
2352    0 1
2353    0 1
2354    0 1
2355    0 1
2356    0 1
2357    0 1
2358    0 0
2359    0 0
2360    0 0
2361    0 0
2362    0 0
2363    0 0
2364    0 0
2365    0 0
2366    0 0
2367    0 0
2368    0 0
2368    0 1
3005 3775 1
3006 3775 1
3007 3775 1
3008 3775 1
3009 3775 1
2374    0 0
2375    0 0
2376    0 0
2377    0 0
2378    0 0
2379    0 0
2380    0 0
2381    0 0
2382    0 0
2383    0 0
2384    0 0
2384    0 1
3020 4101 1
3021 4101 1
3023 4101 1
3022 4101 1
3024 4101 1
2390    0 0
2390    0 1
3025 4114 1
3026 4114 1
3027 4114 1
3028 4114 1
3029 4114 1
2396    0 0
2397    0 0
2398    0 0
2399    0 0
2400    0 0
2401    0 0
2402    0 0
2403    0 0
2404    0 0
2405    0 0
2406    0 0
2406    0 1
3032 4451 1
3033 4451 1
3035 4451 1
3034 4451 1
3036 4451 1
2412    0 0
2412    0 1
3037 4464 1
3038 4464 1
3039 4464 1
3040 4464 1
3041 4464 1
2418    0 0
2419    0 0
2420    0 0
2421    0 0
2422    0 0
2423    0 0
2424    0 0
2425    0 0
2426    0 0
2427    0 0
2428    0 0
2429    0 0
2430    0 0
2431    0 0
2432    0 0
2433    0 0
2434    0 0
2435    0 0
2436    0 0
2437    0 0
2442    0 0
2442    0 1
3374  629 1
2446    0 0
2446    0 1
3373  633 1
2450    0 0
2450    0 1
3372  637 1
2454    0 0
2454    0 1
3371  641 1
2458    0 0
2458    0 1
3370  645 1
2462    0 0
2462    0 1
3365  711 1
2466    0 0
2466    0 1
3364  715 1
2470    0 0
2470    0 1
3363  719 1
2474    0 0
2474    0 1
3362  723 1
2478    0 0
2478    0 1
3361  727 1
2482    0 0
2482    0 1
3228  731 1
3184  731 1
2488    0 0
2488    0 1
3625  737 0
3178  737 1
3658  737 0
3221  737 1
2496    0 0
2496    0 1
3215  745 1
3173  745 1
2502    0 0
2502    0 1
3211  751 1
3169  751 1
2508    0 0
2508    0 1
3168  757 1
3210  757 1
2523    0 0
2523    0 1
3122  887 1
3130  887 1
3134  887 1
2533    0 0
2533    0 1
3155 1019 1
10731 1019 1
2537    0 1
2538    0 0
2538    0 1
3369 1383 1
2542    0 0
2542    0 1
3368 1387 1
2546    0 0
2546    0 1
3367 1391 1
2550    0 0
2550    0 1
3366 1395 1
2554    0 0
2554    0 1
3241 1399 1
3628 1399 0
3202 1399 1
2561    0 0
2561    0 1
3195 1406 1
3236 1406 1
2567    0 0
2567    0 1
3232 1412 1
3189 1412 1
2573    0 0
2573    0 1
3185 1418 1
3229 1418 1
2604    0 0
2604    0 1
3381 2305 1
2607    0 0
2607    0 1
4766 2308 1
2611    0 0
2611    0 1
4764 2312 1
2615    0 0
2615    0 1
4762 2316 1
2619    0 0
2619    0 1
3114 2933 1
3149 2933 1
3515 2933 0
2626    0 0
2626    0 1
3107 2938 1
3144 2938 1
2632    0 0
2632    0 1
3101 2942 1
3140 2942 1
2638    0 0
2638    0 1
3097 2946 1
3137 2946 1
2644    0 0
2644    0 1
3096 2950 1
3136 2950 1
2650    0 0
2650    0 1
3375 3170 1
3379 3170 1
2653    0 1
2654    0 0
2654    0 1
3374 3667 1
2658    0 0
2658    0 1
3373 3670 1
2662    0 0
2662    0 1
3372 3673 1
2666    0 0
2666    0 1
3371 3676 1
2670    0 0
2670    0 1
3370 3679 1
2674    0 0
2674    0 1
5960 3682 1
5981 3682 1
6217 3682 0
2680    0 0
2680    0 1
4767 3686 1
2688    0 0
2688    0 1
4637 3801 1
2692    0 0
2692    0 1
4635 3804 1
2696    0 0
2696    0 1
4634 3807 1
2700    0 0
2700    0 1
4632 3810 1
2704    0 0
2704    0 1
4630 3813 1
2729    0 0
2729    0 1
3369 4686 1
2733    0 0
2733    0 1
3368 4689 1
2737    0 0
2737    0 1
3367 4692 1
2741    0 0
2741    0 1
3366 4695 1
2745    0 0
2745    0 1
3365 4698 1
2749    0 0
2749    0 1
3364 4701 1
2753    0 0
2753    0 1
3363 4704 1
2757    0 0
2757    0 1
3362 4707 1
2761    0 0
2761    0 1
3361 4710 1
2765    0 1
2766    0 0
2766    0 1
4327 5271 1
2769    0 0
2769    0 1
4326 5274 1
2772    0 0
2772    0 1
4334 5305 1
2775    0 0
2775    0 1
4333 5308 1
2778    0 0
2778    0 1
5189 5318 1
2781    0 0
2781    0 1
5363 6690 1
2784    0 0
2784    0 1
4412 6711 1
2787    0 0
2787    0 1
4411 6714 1
2790    0 0
2790    0 1
5425 7252 1
2793    0 0
2793    0 1
5429 7296 1
2796    0 0
2796    0 1
5451 7466 1
2866    0 0
2867    0 0
2868    0 0
2869    0 0
2878    0 0
2913    0 0
2914    0 0
2915    0 0
2916    0 0
2917    0 0
2918    0 0
2919    0 0
2920    0 0
2921    0 0
2922    0 0
2923    0 0
2924    0 0
2925    0 0
2926    0 0
2927    0 0
2928    0 0
2929    0 0
2930    0 0
2931    0 0
2932    0 0
2933    0 0
2934    0 0
2935    0 0
2936    0 0
2937    0 0
2988    0 1
3005    0 0
3006    0 0
3007    0 0
3008    0 0
3009    0 0
3020    0 0
3021    0 0
3022    0 0
3023    0 0
3024    0 0
3025    0 0
3026    0 0
3027    0 0
3028    0 0
3029    0 0
3032    0 0
3033    0 0
3034    0 0
3035    0 0
3036    0 0
3037    0 0
3038    0 0
3039    0 0
3040    0 0
3041    0 0
3061    0 0
3061    0 1
10271 4962 1
3064    0 0
3064    0 1
10272 5003 1
3067    0 0
3067    0 1
3953 5234 1
3070    0 0
3070    0 1
3955 5242 1
3073    0 0
3073    0 1
5179 5250 1
3080    0 0
3080    0 1
5184 5284 1
3096    0 0
3097    0 0
3097    0 1
8134  821 0
8117  821 0
6766  821 1
3101    0 0
3101    0 1
6774  845 1
6770  845 1
6767  845 1
8131  845 0
8114  845 0
3107    0 0
3107    0 1
6775  868 1
6771  868 1
6768  868 1
7613  868 0
6780  868 1
6777  868 1
3114    0 0
3114    0 1
6772  877 1
6769  877 1
6776  877 1
6778  877 1
6782  877 1
6781  877 1
3122    0 0
3122    0 1
8840  902 1
8262  902 1
3126    0 0
3126    0 1
9242  908 0
10551  908 1
3130    0 0
3131    0 0
3131    0 1
4784  917 0
3134    0 0
3135    0 1
3136    0 0
3137    0 0
3137    0 1
10419 1050 0
6787 1050 1
3140    0 0
3140    0 1
6791 1068 1
6788 1068 1
10422 1068 0
3144    0 0
3144    0 1
6792 1086 1
6789 1086 1
10425 1086 0
6794 1086 1
3149    0 0
3149    0 1
6793 1102 1
6790 1102 1
10428 1102 0
6796 1102 1
6795 1102 1
3155    0 0
3155    0 1
8269 1108 1
8818 1108 1
3159    0 0
3159    0 1
9238 1117 0
10705 1117 1
3167    0 1
3168    0 0
3169    0 0
3169    0 1
8156 1567 0
8146 1567 0
6836 1567 1
3173    0 0
3173    0 1
7650 1584 0
6842 1584 1
6837 1584 1
6839 1584 1
3178    0 0
3178    0 1
6840 1590 1
6838 1590 1
6843 1590 1
6844 1590 1
3184    0 0
3185    0 0
3185    0 1
8186 1624 0
8169 1624 0
6848 1624 1
3189    0 0
3189    0 1
6856 1647 1
6852 1647 1
6849 1647 1
8183 1647 0
8166 1647 0
3195    0 0
3195    0 1
6857 1669 1
6853 1669 1
6850 1669 1
7659 1669 0
6862 1669 1
6859 1669 1
3202    0 0
3202    0 1
6854 1677 1
6851 1677 1
6858 1677 1
6860 1677 1
6864 1677 1
6863 1677 1
3210    0 0
3211    0 0
3211    0 1
8200 1816 0
8196 1816 0
6870 1816 1
3215    0 0
3215    0 1
6871 1834 1
8208 1834 0
8204 1834 0
6873 1834 1
6876 1834 1
3221    0 0
3221    0 1
6872 1841 1
6877 1841 1
6874 1841 1
6878 1841 1
6880 1841 1
3228    0 0
3229    0 0
3229    0 1
10406 1880 0
6884 1880 1
3232    0 0
3232    0 1
6888 1897 1
6885 1897 1
10409 1897 0
3236    0 0
3236    0 1
6889 1914 1
6886 1914 1
10412 1914 0
6891 1914 1
3241    0 0
3241    0 1
6890 1929 1
6887 1929 1
10415 1929 0
6893 1929 1
6892 1929 1
3247    0 0
3247    0 1
4760 2065 1
3251    0 0
3251    0 1
4759 2069 1
3255    0 0
3255    0 1
4758 2073 1
3259    0 0
3259    0 1
4757 2077 1
3263    0 0
3263    0 1
4756 2081 1
3267    0 0
3267    0 1
4592 2085 1
4562 2085 1
3273    0 0
3273    0 1
4844 2091 0
4555 2091 1
4871 2091 0
4586 2091 1
3281    0 0
3281    0 1
4581 2099 1
4549 2099 1
3287    0 0
3287    0 1
4545 2105 1
4577 2105 1
3293    0 0
3293    0 1
4576 2111 1
4544 2111 1
3299    0 0
3299    0 1
4641 2163 1
3303    0 0
3303    0 1
4640 2167 1
3307    0 0
3307    0 1
4639 2171 1
3311    0 0
3311    0 1
4638 2175 1
3315    0 0
3315    0 1
4687 2179 1
5030 2179 0
4735 2179 1
3322    0 0
3322    0 1
4728 2186 1
4682 2186 1
3328    0 0
3328    0 1
4722 2192 1
4678 2192 1
3334    0 0
3334    0 1
4675 2198 1
4718 2198 1
3340    0 0
3340    0 1
4769 2320 1
3343    0 0
3343    0 1
4570 2323 1
4603 2323 1
3349    0 0
3349    0 1
4597 2329 1
4566 2329 1
3355    0 0
3355    0 1
4563 2335 1
4593 2335 1
3361    0 0
3362    0 1
3363    0 1
3364    0 1
3365    0 0
3366    0 1
3367    0 1
3368    0 1
3369    0 1
3370    0 0
3371    0 1
3372    0 1
3373    0 1
3374    0 1
3375    0 0
3375    0 1
8960 3216 1
8421 3216 1
3379    0 0
3380    0 1
3381    0 0
3381    0 1
4767 3695 1
3384    0 0
3384    0 1
4674 3816 1
4717 3816 1
3390    0 0
3390    0 1
4667 3821 1
5027 3821 0
4711 3821 1
4940 3821 0
3398    0 0
3398    0 1
4661 3828 1
4706 3828 1
3404    0 0
3404    0 1
4657 3833 1
4702 3833 1
3410    0 0
3410    0 1
4656 3838 1
4701 3838 1
3416    0 0
3416    0 1
4641 4151 1
3420    0 0
3420    0 1
4640 4154 1
3424    0 0
3424    0 1
4639 4157 1
3428    0 0
3428    0 1
4638 4160 1
3432    0 0
3432    0 1
4637 4163 1
3436    0 0
3436    0 1
4635 4166 1
3440    0 0
3440    0 1
4634 4169 1
3444    0 0
3444    0 1
4632 4172 1
3448    0 0
3448    0 1
4630 4175 1
3452    0 1
3453    0 1
3454    0 0
3454    0 1
4766 4490 1
3458    0 0
3458    0 1
4764 4493 1
3462    0 0
3462    0 1
4762 4496 1
3466    0 0
3466    0 1
4760 4499 1
3470    0 0
3470    0 1
4759 4502 1
3474    0 0
3474    0 1
4758 4505 1
3478    0 0
3478    0 1
4757 4508 1
3482    0 0
3482    0 1
4756 4511 1
3486    0 1
3487    0 0
3487    0 1
4463 4884 1
3490    0 0
3490    0 1
4465 4892 1
3493    0 0
3493    0 1
4467 4900 1
3496    0 0
3496    0 1
4469 4908 1
3499    0 0
3499    0 1
4471 4924 1
3502    0 0
3502    0 1
9955 4952 1
3507    0 0
3507    0 1
9065 4983 1
3510    0 0
3510    0 1
9956 4993 1
3515    0 0
3515    0 1
9432 5011 1
3518    0 0
3518    0 1
4475 5194 1
3521    0 0
3521    0 1
4477 5202 1
3524    0 0
3524    0 1
4479 5210 1
3527    0 0
3527    0 1
4481 5218 1
3530    0 0
3530    0 1
4483 5226 1
3535    0 0
3535    0 1
4490 5247 1
3539    0 0
3539    0 1
5181 5255 1
3542    0 0
3542    0 1
5180 5258 1
3545    0 0
3545    0 1
5183 5263 1
3548    0 0
3548    0 1
5182 5266 1
3551    0 1
3552    0 1
3553    0 0
3553    0 1
4496 5281 1
3557    0 0
3557    0 1
5186 5289 1
3560    0 0
3560    0 1
5185 5292 1
3563    0 0
3563    0 1
5188 5297 1
3566    0 0
3566    0 1
5187 5300 1
3569    0 1
3570    0 1
3571    0 0
3571    0 1
4502 5315 1
3574    0 0
3574    0 1
5191 5323 1
3577    0 0
3577    0 1
5190 5326 1
3580    0 0
3580    0 1
5193 5331 1
3583    0 0
3583    0 1
5192 5334 1
3586    0 0
3586    0 1
5475 5339 1
3589    0 0
3589    0 1
5474 5342 1
3592    0 0
3592    0 1
5477 5349 1
3595    0 0
3595    0 1
5476 5352 1
3598    0 0
3598    0 1
4507 5396 1
3601    0 0
3601    0 1
4509 5404 1
3604    0 0
3604    0 1
4511 5412 1
3607    0 0
3607    0 1
4513 5420 1
3610    0 0
3610    0 1
4515 5428 1
3613    0 0
3613    0 1
4517 5436 1
3616    0 0
3616    0 1
4519 5444 1
3619    0 0
3619    0 1
4521 5452 1
3622    0 0
3622    0 1
4523 5460 1
3625    0 0
3625    0 1
9846 5465 1
3628    0 0
3628    0 1
9442 5581 1
3631    0 0
3631    0 1
4525 5748 1
3634    0 0
3634    0 1
4527 5756 1
3637    0 0
3637    0 1
4529 5764 1
3640    0 0
3640    0 1
4531 5772 1
3643    0 0
3643    0 1
4533 5780 1
3646    0 0
3646    0 1
4535 5788 1
3649    0 0
3649    0 1
4537 5796 1
3652    0 0
3652    0 1
4539 5804 1
3655    0 0
3655    0 1
4541 5812 1
3658    0 0
3658    0 1
8887 5849 1
3661    0 0
3661    0 1
7744 5929 1
3664    0 0
3664    0 1
7822 6049 1
3667    0 0
3667    0 1
5284 6367 1
3670    0 0
3670    0 1
5283 6370 1
3673    0 0
3673    0 1
5286 6375 1
3676    0 0
3676    0 1
5285 6378 1
3679    0 0
3679    0 1
5288 6383 1
3682    0 0
3682    0 1
5287 6386 1
3685    0 0
3685    0 1
5290 6391 1
3688    0 0
3688    0 1
5289 6394 1
3691    0 0
3691    0 1
5292 6399 1
3694    0 0
3694    0 1
5291 6402 1
3697    0 0
3697    0 1
5294 6407 1
3700    0 0
3700    0 1
5293 6410 1
3703    0 0
3703    0 1
5296 6415 1
3706    0 0
3706    0 1
5295 6418 1
3709    0 0
3709    0 1
5298 6423 1
3712    0 0
3712    0 1
5297 6426 1
3715    0 0
3715    0 1
5300 6431 1
3718    0 0
3718    0 1
5299 6434 1
3721    0 0
3721    0 1
6594 6442 1
3724    0 0
3724    0 1
6595 6450 1
3727    0 0
3727    0 1
6596 6458 1
3730    0 0
3730    0 1
6597 6466 1
3733    0 0
3733    0 1
6604 6498 1
3736    0 0
3736    0 1
5315 6519 1
3739    0 0
3739    0 1
5314 6522 1
3742    0 0
3742    0 1
5317 6527 1
3745    0 0
3745    0 1
5316 6530 1
3748    0 0
3748    0 1
5319 6535 1
3751    0 0
3751    0 1
5318 6538 1
3754    0 0
3754    0 1
5321 6543 1
3757    0 0
3757    0 1
5320 6546 1
3760    0 0
3760    0 1
5323 6559 1
3763    0 0
3763    0 1
5322 6562 1
3766    0 0
3766    0 1
4694 6687 1
3769    0 0
3769    0 1
5365 6695 1
3772    0 0
3772    0 1
5364 6698 1
3775    0 0
3775    0 1
5367 6703 1
3778    0 0
3778    0 1
5366 6706 1
3781    0 1
3782    0 1
3783    0 0
3783    0 1
6639 6724 1
3786    0 0
3786    0 1
6644 6768 1
3789    0 0
3789    0 1
6658 7208 1
3792    0 0
3792    0 1
6661 7221 1
3795    0 0
3795    0 1
5572 7229 1
3798    0 0
3798    0 1
5571 7232 1
3801    0 0
3801    0 1
5574 7239 1
3804    0 0
3804    0 1
5573 7242 1
3807    0 0
3807    0 1
4746 7249 1
3810    0 0
3810    0 1
5427 7257 1
3813    0 0
3813    0 1
5426 7260 1
3816    0 0
3816    0 1
6668 7268 1
3819    0 0
3819    0 1
4751 7293 1
3822    0 0
3822    0 1
5431 7301 1
3825    0 0
3825    0 1
5430 7304 1
3828    0 0
3828    0 1
5433 7309 1
3831    0 0
3831    0 1
5432 7312 1
3834    0 0
3834    0 1
5585 7317 1
3837    0 0
3837    0 1
5584 7320 1
3840    0 0
3840    0 1
5587 7327 1
3843    0 0
3843    0 1
5586 7330 1
3846    0 0
3846    0 1
6685 7396 1
3849    0 0
3849    0 1
6686 7404 1
3852    0 0
3852    0 1
6687 7412 1
3855    0 0
3855    0 1
6690 7425 1
3858    0 0
3858    0 1
4776 7463 1
3861    0 0
3861    0 1
5453 7471 1
3864    0 0
3864    0 1
5452 7474 1
3867    0 0
3867    0 1
5455 7479 1
3870    0 0
3870    0 1
5454 7482 1
3873    0 0
3873    0 1
5603 7487 1
3876    0 0
3876    0 1
5602 7490 1
3879    0 0
3879    0 1
5605 7497 1
3882    0 0
3882    0 1
5604 7500 1
3885    0 0
3885    0 1
5457 7507 1
3888    0 0
3888    0 1
5456 7510 1
3891    0 0
3891    0 1
6706 7554 1
3953    0 1
3954    0 1
3955    0 1
3956    0 1
3958    0 1
3964    0 1
4193    0 0
4193    0 1
10451 3223 1
9339 3223 0
4303    0 0
4303    0 1
9064 4942 1
4308    0 1
4313    0 1
4326    0 1
4327    0 1
4333    0 1
4334    0 1
4411    0 1
4412    0 1
4463    0 1
4464    0 1
4465    0 1
4466    0 1
4467    0 1
4468    0 1
4469    0 1
4470    0 1
4471    0 1
4472    0 1
4473    0 1
4474    0 1
4475    0 1
4476    0 1
4477    0 1
4478    0 1
4479    0 1
4480    0 1
4481    0 1
4482    0 1
4483    0 1
4484    0 1
4485    0 1
4486    0 1
4487    0 1
4488    0 1
4489    0 1
4490    0 1
4491    0 1
4492    0 1
4493    0 1
4494    0 1
4495    0 1
4496    0 1
4497    0 1
4498    0 1
4499    0 1
4500    0 1
4501    0 1
4502    0 1
4503    0 1
4504    0 1
4505    0 1
4506    0 1
4507    0 1
4508    0 1
4509    0 1
4510    0 1
4511    0 1
4512    0 1
4513    0 1
4514    0 1
4515    0 1
4516    0 1
4517    0 1
4518    0 1
4519    0 1
4520    0 1
4521    0 1
4522    0 1
4523    0 1
4524    0 1
4525    0 1
4526    0 1
4527    0 1
4528    0 1
4529    0 1
4530    0 1
4531    0 1
4532    0 1
4533    0 1
4534    0 1
4535    0 1
4536    0 1
4537    0 1
4538    0 1
4539    0 1
4540    0 1
4541    0 1
4542    0 1
4543    0 1
4544    0 0
4545    0 0
4545    0 1
9103 2366 0
9099 2366 0
8337 2366 1
4549    0 0
4549    0 1
8338 2384 1
9111 2384 0
9107 2384 0
8340 2384 1
8343 2384 1
4555    0 0
4555    0 1
8339 2391 1
8344 2391 1
8341 2391 1
8345 2391 1
8347 2391 1
4562    0 0
4563    0 0
4563    0 1
9626 2431 0
8348 2431 1
4566    0 0
4566    0 1
8352 2448 1
8349 2448 1
9629 2448 0
4570    0 0
4570    0 1
8353 2465 1
8350 2465 1
9632 2465 0
8355 2465 1
4575    0 1
4576    0 0
4577    0 0
4577    0 1
9127 2612 0
9117 2612 0
8369 2612 1
4581    0 0
4581    0 1
8924 2629 0
8375 2629 1
8370 2629 1
8372 2629 1
4586    0 0
4586    0 1
8373 2635 1
8371 2635 1
8376 2635 1
8377 2635 1
4592    0 0
4593    0 0
4593    0 1
9149 2670 0
9685 2670 0
8378 2670 1
4597    0 0
4597    0 1
8385 2693 1
8382 2693 1
8379 2693 1
9146 2693 0
9679 2693 0
4603    0 0
4603    0 1
8386 2715 1
8383 2715 1
8380 2715 1
8931 2715 0
8390 2715 1
8388 2715 1
4610    0 1
4611    0 1
4612    0 1
4613    0 1
4614    0 1
4615    0 1
4616    0 1
4617    0 1
4618    0 1
4619    0 1
4620    0 1
4621    0 1
4622    0 1
4623    0 1
4624    0 1
4625    0 1
4626    0 1
4627    0 1
4628    0 1
4629    0 1
4630    0 0
4631    0 1
4632    0 1
4633    0 1
4634    0 1
4635    0 1
4636    0 1
4637    0 0
4638    0 1
4639    0 1
4640    0 1
4641    0 1
4642    0 1
4643    0 1
4644    0 1
4645    0 1
4646    0 1
4647    0 1
4648    0 1
4649    0 1
4650    0 1
4651    0 1
4652    0 1
4653    0 1
4656    0 0
4657    0 0
4657    0 1
9165 3308 0
9161 3308 0
8433 3308 1
4661    0 0
4661    0 1
8434 3327 1
9173 3327 0
9169 3327 0
8436 3327 1
8439 3327 1
4667    0 0
4667    0 1
8435 3335 1
8440 3335 1
8437 3335 1
8441 3335 1
8443 3335 1
4674    0 0
4675    0 0
4675    0 1
10659 3376 0
8447 3376 1
4678    0 0
4678    0 1
8451 3393 1
8448 3393 1
10662 3393 0
4682    0 0
4682    0 1
8452 3410 1
8449 3410 1
10665 3410 0
8454 3410 1
4687    0 0
4687    0 1
8453 3425 1
8450 3425 1
10668 3425 0
8456 3425 1
8455 3425 1
4693    0 1
4694    0 1
4695    0 1
4696    0 1
4697    0 1
4698    0 1
4699    0 1
4700    0 1
4701    0 0
4702    0 0
4702    0 1
9193 3868 0
9183 3868 0
8488 3868 1
4706    0 0
4706    0 1
8996 3885 0
8494 3885 1
8489 3885 1
8491 3885 1
4711    0 0
4711    0 1
8492 3891 1
8490 3891 1
8495 3891 1
8496 3891 1
4717    0 0
4718    0 0
4718    0 1
9223 3926 0
9206 3926 0
8500 3926 1
4722    0 0
4722    0 1
8508 3949 1
8504 3949 1
8501 3949 1
9220 3949 0
9203 3949 0
4728    0 0
4728    0 1
8509 3971 1
8505 3971 1
8502 3971 1
9005 3971 0
8514 3971 1
8511 3971 1
4735    0 0
4735    0 1
8506 3979 1
8503 3979 1
8510 3979 1
8512 3979 1
8516 3979 1
8515 3979 1
4743    0 1
4744    0 1
4745    0 1
4746    0 1
4747    0 1
4748    0 1
4749    0 1
4750    0 1
4751    0 1
4752    0 1
4753    0 1
4754    0 1
4755    0 1
4756    0 0
4757    0 1
4758    0 1
4759    0 1
4760    0 0
4761    0 1
4762    0 1
4763    0 1
4764    0 1
4765    0 1
4766    0 1
4767    0 1
4768    0 1
4769    0 0
4769    0 1
5960 4389 1
5981 4389 1
6217 4389 0
4775    0 1
4776    0 1
4777    0 1
4778    0 1
4779    0 1
4780    0 1
4781    0 1
4782    0 1
4783    0 1
4784    0 0
4784    0 1
6192 4932 1
4789    0 1
4790    0 0
4790    0 1
6194 4973 1
4793    0 1
4794    0 1
4795    0 1
4796    0 0
4796    0 1
9435 5099 1
4799    0 1
4800    0 1
4801    0 1
4802    0 1
4803    0 0
4803    0 1
10036 5372 1
4806    0 0
4806    0 1
10037 5380 1
4809    0 1
4810    0 0
4810    0 1
9847 5523 1
4813    0 1
4814    0 0
4814    0 1
9445 5669 1
4817    0 0
4817    0 1
8888 5857 1
4820    0 0
4820    0 1
5944 5868 1
4823    0 0
4823    0 1
5946 5876 1
4826    0 0
4826    0 1
5948 5884 1
4829    0 0
4829    0 1
5950 5892 1
4832    0 0
4832    0 1
5952 5900 1
4835    0 0
4835    0 1
5954 5908 1
4838    0 0
4838    0 1
5956 5916 1
4841    0 0
4841    0 1
5958 5924 1
4844    0 0
4844    0 1
9569 5969 1
4847    0 0
4847    0 1
5967 5988 1
4850    0 0
4850    0 1
5969 5996 1
4853    0 0
4853    0 1
5971 6004 1
4856    0 0
4856    0 1
5973 6012 1
4859    0 0
4859    0 1
5975 6020 1
4862    0 0
4862    0 1
5977 6028 1
4865    0 0
4865    0 1
5979 6036 1
4868    0 0
4868    0 1
5989 6044 1
4871    0 0
4871    0 1
10084 6057 1
4874    0 0
4874    0 1
6024 6439 1
4877    0 0
4877    0 1
6026 6447 1
4880    0 0
4880    0 1
6028 6455 1
4883    0 0
4883    0 1
6030 6463 1
4886    0 0
4886    0 1
6599 6471 1
4889    0 0
4889    0 1
6598 6474 1
4892    0 0
4892    0 1
6601 6479 1
4895    0 0
4895    0 1
6600 6482 1
4898    0 0
4898    0 1
6603 6487 1
4901    0 0
4901    0 1
6602 6490 1
4904    0 0
4904    0 1
6038 6495 1
4907    0 0
4907    0 1
6606 6503 1
4910    0 0
4910    0 1
6605 6506 1
4913    0 0
4913    0 1
6060 6570 1
4916    0 0
4916    0 1
6062 6578 1
4919    0 0
4919    0 1
6064 6586 1
4922    0 0
4922    0 1
6066 6594 1
4925    0 0
4925    0 1
6068 6602 1
4928    0 0
4928    0 1
6070 6610 1
4931    0 0
4931    0 1
6072 6618 1
4934    0 0
4934    0 1
6074 6626 1
4937    0 0
4937    0 1
6076 6634 1
4940    0 0
4940    0 1
9600 6671 1
4943    0 0
4943    0 1
6091 6721 1
4946    0 0
4946    0 1
6641 6729 1
4949    0 0
4949    0 1
6640 6732 1
4952    0 0
4952    0 1
6643 6737 1
4955    0 0
4955    0 1
6642 6740 1
4958    0 0
4958    0 1
6730 6745 1
4961    0 0
4961    0 1
6729 6748 1
4964    0 0
4964    0 1
6732 6755 1
4967    0 0
4967    0 1
6731 6758 1
4970    0 0
4970    0 1
6097 6765 1
4973    0 0
4973    0 1
6646 6773 1
4976    0 0
4976    0 1
6645 6776 1
4979    0 0
4979    0 1
6648 6781 1
4982    0 0
4982    0 1
6647 6784 1
4985    0 0
4985    0 1
6734 6789 1
4988    0 0
4988    0 1
6733 6792 1
4991    0 0
4991    0 1
6736 6799 1
4994    0 0
4994    0 1
6735 6802 1
4997    0 0
4997    0 1
10062 6832 1
5000    0 0
5000    0 1
6103 6856 1
5003    0 0
5003    0 1
6105 6864 1
5006    0 0
5006    0 1
6107 6872 1
5009    0 0
5009    0 1
6109 6880 1
5012    0 0
5012    0 1
6111 6888 1
5015    0 0
5015    0 1
6113 6896 1
5018    0 0
5018    0 1
6115 6904 1
5021    0 0
5021    0 1
6117 6912 1
5024    0 0
5024    0 1
6119 6920 1
5027    0 0
5027    0 1
10093 6925 1
5030    0 0
5030    0 1
9873 7041 1
5033    0 0
5033    0 1
6122 7205 1
5036    0 0
5036    0 1
6660 7213 1
5039    0 0
5039    0 1
6659 7216 1
5042    0 0
5042    0 1
6125 7224 1
5045    0 1
5046    0 1
5047    0 1
5048    0 1
5049    0 0
5049    0 1
6136 7265 1
5052    0 0
5052    0 1
6742 7273 1
5055    0 0
5055    0 1
6741 7276 1
5058    0 0
5058    0 1
6744 7283 1
5061    0 0
5061    0 1
6743 7286 1
5064    0 1
5065    0 1
5066    0 1
5067    0 1
5068    0 0
5068    0 1
6678 7361 1
5071    0 0
5071    0 1
6677 7364 1
5074    0 0
5074    0 1
6680 7369 1
5077    0 0
5077    0 1
6679 7372 1
5080    0 0
5080    0 1
6682 7377 1
5083    0 0
5083    0 1
6681 7380 1
5086    0 0
5086    0 1
6684 7385 1
5089    0 0
5089    0 1
6683 7388 1
5092    0 0
5092    0 1
6157 7393 1
5095    0 0
5095    0 1
6159 7401 1
5098    0 0
5098    0 1
6161 7409 1
5101    0 0
5101    0 1
6689 7417 1
5104    0 0
5104    0 1
6688 7420 1
5107    0 0
5107    0 1
6164 7428 1
5110    0 1
5111    0 1
5112    0 1
5113    0 1
5114    0 0
5114    0 1
6703 7515 1
5117    0 0
5117    0 1
6702 7518 1
5120    0 0
5120    0 1
6705 7523 1
5123    0 0
5123    0 1
6704 7526 1
5126    0 0
5126    0 1
6752 7531 1
5129    0 0
5129    0 1
6751 7534 1
5132    0 0
5132    0 1
6754 7541 1
5135    0 0
5135    0 1
6753 7544 1
5138    0 0
5138    0 1
6186 7551 1
5141    0 0
5141    0 1
6708 7559 1
5144    0 0
5144    0 1
6707 7562 1
5147    0 0
5147    0 1
6710 7567 1
5150    0 0
5150    0 1
6709 7570 1
5153    0 0
5153    0 1
6756 7575 1
5156    0 0
5156    0 1
6755 7578 1
5159    0 0
5159    0 1
6758 7585 1
5162    0 0
5162    0 1
6757 7588 1
5165    0 1
5166    0 1
5167    0 1
5168    0 1
5169    0 1
5170    0 1
5171    0 1
5172    0 1
5173    0 1
5174    0 1
5175    0 1
5176    0 1
5178    0 1
5179    0 1
5180    0 1
5181    0 1
5182    0 1
5183    0 1
5184    0 1
5185    0 1
5186    0 1
5187    0 1
5188    0 1
5189    0 1
5190    0 1
5191    0 1
5192    0 1
5193    0 1
5196    0 1
5197    0 1
5198    0 1
5199    0 1
5200    0 1
5201    0 1
5202    0 1
5203    0 1
5204    0 1
5205    0 1
5206    0 1
5207    0 1
5208    0 1
5209    0 1
5210    0 1
5211    0 1
5212    0 1
5213    0 1
5283    0 1
5284    0 1
5285    0 1
5286    0 1
5287    0 1
5288    0 1
5289    0 1
5290    0 1
5291    0 1
5292    0 1
5293    0 1
5294    0 1
5295    0 1
5296    0 1
5297    0 1
5298    0 1
5299    0 1
5300    0 1
5314    0 1
5315    0 1
5316    0 1
5317    0 1
5318    0 1
5319    0 1
5320    0 1
5321    0 1
5322    0 1
5323    0 1
5324    0 1
5363    0 1
5364    0 1
5365    0 1
5366    0 1
5367    0 1
5425    0 1
5426    0 1
5427    0 1
5429    0 1
5430    0 1
5431    0 1
5432    0 1
5433    0 1
5451    0 1
5452    0 1
5453    0 1
5454    0 1
5455    0 1
5456    0 1
5457    0 1
5469    0 1
5474    0 1
5475    0 1
5476    0 1
5477    0 1
5571    0 1
5572    0 1
5573    0 1
5574    0 1
5584    0 1
5585    0 1
5586    0 1
5587    0 1
5602    0 1
5603    0 1
5604    0 1
5605    0 1
5631    0 1
5632    0 0
5632    0 1
6766  792 1
6767  792 1
6768  792 1
6762  792 1
6769  792 1
5640    0 0
5640    0 1
6762  805 1
6767  805 1
6768  805 1
6769  805 1
6770  805 1
6771  805 1
6772  805 1
6773  805 1
6774  805 1
6775  805 1
6776  805 1
5654    0 0
5654    0 1
6768  827 1
6762  827 1
6769  827 1
6771  827 1
6772  827 1
6773  827 1
6775  827 1
6776  827 1
6777  827 1
6778  827 1
6779  827 1
6780  827 1
6781  827 1
5670    0 0
5670    0 1
6762  853 1
6772  853 1
6769  853 1
6776  853 1
6773  853 1
6778  853 1
6779  853 1
6781  853 1
6782  853 1
6783  853 1
5683    0 0
5683    0 1
6762  895 1
6773  895 1
6783  895 1
6779  895 1
5690    0 0
5690    0 1
6784 1026 1
6787 1026 1
6788 1026 1
6789 1026 1
6790 1026 1
5697    0 0
5697    0 1
6788 1038 1
6789 1038 1
6791 1038 1
6792 1038 1
6793 1038 1
6790 1038 1
6784 1038 1
10278 1038 1
5707    0 0
5707    0 1
6789 1055 1
6790 1055 1
6792 1055 1
6793 1055 1
10278 1055 1
6784 1055 1
6794 1055 1
6795 1055 1
10279 1055 1
5718    0 0
5718    0 1
6784 1074 1
6790 1074 1
6793 1074 1
10278 1074 1
6795 1074 1
10279 1074 1
6796 1074 1
10280 1074 1
5728    0 0
5728    0 1
10278 1093 1
6784 1093 1
10279 1093 1
10280 1093 1
10281 1093 1
5735    0 1
5736    0 0
5736    0 1
8862 1217 1
8280 1217 1
5740    0 0
5740    0 1
8861 1226 1
8280 1226 1
5744    0 0
5744    0 1
5747    0 0
5747    0 1
8864 1240 1
8282 1240 1
5751    0 0
5751    0 1
8863 1249 1
8282 1249 1
5755    0 0
5755    0 1
5758    0 0
5758    0 1
8866 1263 1
8284 1263 1
5762    0 0
5762    0 1
8865 1272 1
8284 1272 1
5766    0 0
5766    0 1
5769    0 1
5770    0 1
5771    0 0
5771    0 1
6836 1546 1
6837 1546 1
6838 1546 1
6833 1546 1
5778    0 0
5778    0 1
6833 1556 1
6837 1556 1
6838 1556 1
6839 1556 1
6840 1556 1
6841 1556 1
6842 1556 1
6843 1556 1
5789    0 0
5789    0 1
6865 1573 1
6833 1573 1
6840 1573 1
6841 1573 1
6838 1573 1
6843 1573 1
6844 1573 1
5799    0 0
5799    0 1
6848 1598 1
6849 1598 1
6850 1598 1
6845 1598 1
6851 1598 1
5807    0 0
5807    0 1
6845 1609 1
6849 1609 1
6850 1609 1
6851 1609 1
6852 1609 1
6853 1609 1
6854 1609 1
6855 1609 1
6856 1609 1
6857 1609 1
6858 1609 1
5821    0 0
5821    0 1
6850 1630 1
6845 1630 1
6851 1630 1
6853 1630 1
6854 1630 1
6855 1630 1
6857 1630 1
6858 1630 1
6859 1630 1
6860 1630 1
6861 1630 1
6862 1630 1
6863 1630 1
5837    0 0
5837    0 1
6845 1655 1
6854 1655 1
6851 1655 1
6858 1655 1
6855 1655 1
6860 1655 1
6861 1655 1
6863 1655 1
6864 1655 1
6866 1655 1
5850    0 0
5850    0 1
6833 1687 1
6841 1687 1
6865 1687 1
5856    0 0
5856    0 1
6845 1695 1
6855 1695 1
6866 1695 1
6861 1695 1
5863    0 0
5863    0 1
6870 1795 1
6871 1795 1
6872 1795 1
6867 1795 1
5870    0 0
5870    0 1
6871 1805 1
6872 1805 1
6867 1805 1
6876 1805 1
6877 1805 1
6873 1805 1
6874 1805 1
6875 1805 1
5881    0 0
5881    0 1
6867 1822 1
6872 1822 1
6877 1822 1
6874 1822 1
6875 1822 1
6878 1822 1
6879 1822 1
6880 1822 1
5892    0 0
5892    0 1
10710 1850 1
6867 1850 1
6879 1850 1
6875 1850 1
5898    0 0
5898    0 1
6881 1859 1
6884 1859 1
6885 1859 1
6886 1859 1
6887 1859 1
5905    0 0
5905    0 1
6885 1869 1
6886 1869 1
6888 1869 1
6889 1869 1
6890 1869 1
6887 1869 1
6881 1869 1
10287 1869 1
5915    0 0
5915    0 1
6886 1885 1
6887 1885 1
6889 1885 1
6890 1885 1
10287 1885 1
6881 1885 1
6891 1885 1
6892 1885 1
10288 1885 1
5926    0 0
5926    0 1
6881 1903 1
6887 1903 1
6890 1903 1
10287 1903 1
6892 1903 1
10288 1903 1
6893 1903 1
10289 1903 1
5936    0 0
5936    0 1
10287 1921 1
6881 1921 1
10288 1921 1
10289 1921 1
10290 1921 1
5943    0 1
5944    0 1
5945    0 1
5946    0 1
5947    0 1
5948    0 1
5949    0 1
5950    0 1
5951    0 1
5952    0 1
5953    0 1
5954    0 1
5955    0 1
5956    0 1
5957    0 1
5958    0 1
5959    0 1
5960    0 0
5960    0 1
8354 2481 1
8351 2481 1
9635 2481 0
8357 2481 1
8356 2481 1
5966    0 1
5967    0 1
5968    0 1
5969    0 1
5970    0 1
5971    0 1
5972    0 1
5973    0 1
5974    0 1
5975    0 1
5976    0 1
5977    0 1
5978    0 1
5979    0 1
5980    0 1
5981    0 0
5981    0 1
8384 2724 1
8381 2724 1
8387 2724 1
8389 2724 1
8392 2724 1
8391 2724 1
5989    0 1
5990    0 1
5991    0 0
5991    0 1
7060 2956 1
7061 2956 1
7062 2956 1
7057 2956 1
5996    0 0
5996    0 1
7057 2965 1
7061 2965 1
7062 2965 1
6000    0 0
6000    0 1
7057 2973 1
7062 2973 1
6003    0 0
6003    0 1
7064 2982 1
7065 2982 1
7066 2982 1
7063 2982 1
7067 2982 1
6009    0 0
6009    0 1
7063 2992 1
7065 2992 1
7066 2992 1
7067 2992 1
6014    0 0
6014    0 1
7066 3001 1
7063 3001 1
7067 3001 1
6018    0 0
6018    0 1
7063 3009 1
7067 3009 1
6021    0 1
6022    0 1
6023    0 1
6024    0 1
6025    0 1
6026    0 1
6027    0 1
6028    0 1
6029    0 1
6030    0 1
6031    0 1
6032    0 1
6033    0 1
6034    0 1
6035    0 1
6036    0 1
6037    0 1
6038    0 1
6039    0 1
6040    0 1
6041    0 0
6041    0 1
7103 3176 1
7104 3176 1
7105 3176 1
7100 3176 1
7106 3176 1
6047    0 0
6047    0 1
7100 3186 1
7104 3186 1
7105 3186 1
7106 3186 1
6052    0 0
6052    0 1
7105 3195 1
7100 3195 1
7106 3195 1
6056    0 0
6056    0 1
7100 3203 1
7106 3203 1
6059    0 1
6060    0 1
6061    0 1
6062    0 1
6063    0 1
6064    0 1
6065    0 1
6066    0 1
6067    0 1
6068    0 1
6069    0 1
6070    0 1
6071    0 1
6072    0 1
6073    0 1
6074    0 1
6075    0 1
6076    0 1
6077    0 1
6078    0 1
6079    0 0
6079    0 1
8992 3504 1
8483 3504 1
6083    0 0
6083    0 1
8991 3513 1
8483 3513 1
6087    0 0
6087    0 1
6090    0 1
6091    0 1
6092    0 1
6093    0 1
6094    0 1
6095    0 1
6096    0 1
6097    0 1
6098    0 1
6099    0 1
6100    0 1
6101    0 1
6102    0 1
6103    0 1
6104    0 1
6105    0 1
6106    0 1
6107    0 1
6108    0 1
6109    0 1
6110    0 1
6111    0 1
6112    0 1
6113    0 1
6114    0 1
6115    0 1
6116    0 1
6117    0 1
6118    0 1
6119    0 1
6120    0 1
6121    0 1
6122    0 1
6123    0 1
6124    0 1
6125    0 1
6126    0 1
6127    0 0
6127    0 1
9615 4203 1
9398 4203 1
6131    0 0
6131    0 1
9614 4212 1
9398 4212 1
6135    0 1
6136    0 1
6137    0 0
6137    0 1
9025 4226 1
8539 4226 1
6141    0 0
6141    0 1
9024 4235 1
8539 4235 1
6145    0 0
6145    0 1
6148    0 1
6149    0 1
6150    0 1
6151    0 1
6152    0 1
6153    0 1
6154    0 1
6155    0 1
6156    0 1
6157    0 1
6158    0 1
6159    0 1
6160    0 1
6161    0 1
6162    0 1
6163    0 1
6164    0 1
6165    0 1
6166    0 0
6166    0 1
9054 4531 1
8578 4531 1
6170    0 0
6170    0 1
9053 4540 1
8578 4540 1
6174    0 0
6174    0 1
6177    0 0
6177    0 1
9622 4554 1
9419 4554 1
6181    0 1
6182    0 1
6183    0 1
6184    0 1
6185    0 1
6186    0 1
6187    0 1
6188    0 1
6189    0 1
6190    0 1
6191    0 1
6192    0 1
6193    0 1
6194    0 1
6195    0 1
6196    0 0
6196    0 1
8145 5359 1
6199    0 0
6199    0 1
8144 5362 1
6202    0 1
6203    0 1
6204    0 0
6204    0 1
6967 5932 1
6207    0 0
6207    0 1
9570 5977 1
6210    0 0
6210    0 1
7055 6052 1
6213    0 1
6214    0 0
6214    0 1
10085 6115 1
6217    0 0
6217    0 1
10086 6173 1
6220    0 0
6220    0 1
9601 6679 1
6223    0 1
6224    0 1
6225    0 1
6226    0 1
6227    0 1
6228    0 1
6229    0 1
6230    0 1
6231    0 1
6232    0 0
6232    0 1
10094 6983 1
6235    0 1
6236    0 0
6236    0 1
9876 7129 1
6239    0 1
6240    0 1
6241    0 1
6242    0 1
6243    0 0
6243    0 1
8219 7337 1
6246    0 0
6246    0 1
8218 7340 1
6249    0 0
6249    0 1
8217 7353 1
6252    0 0
6252    0 1
8216 7356 1
6255    0 1
6256    0 1
6257    0 1
6258    0 1
6259    0 1
6260    0 1
6261    0 1
6262    0 1
6263    0 0
6263    0 1
8233 7595 1
6266    0 0
6266    0 1
8232 7598 1
6540    0 1
6541    0 1
6542    0 1
6543    0 1
6544    0 1
6545    0 1
6546    0 1
6547    0 1
6555    0 1
6556    0 1
6557    0 1
6558    0 1
6559    0 1
6560    0 1
6561    0 1
6569    0 1
6594    0 1
6595    0 1
6596    0 1
6597    0 1
6598    0 1
6599    0 1
6600    0 1
6601    0 1
6602    0 1
6603    0 1
6604    0 1
6605    0 1
6606    0 1
6621    0 1
6622    0 1
6623    0 1
6624    0 1
6625    0 1
6626    0 1
6627    0 1
6628    0 1
6629    0 1
6639    0 1
6640    0 1
6641    0 1
6642    0 1
6643    0 1
6644    0 1
6645    0 1
6646    0 1
6647    0 1
6648    0 1
6649    0 1
6650    0 1
6651    0 1
6652    0 1
6653    0 1
6654    0 1
6655    0 1
6656    0 1
6657    0 1
6658    0 1
6659    0 1
6660    0 1
6661    0 1
6668    0 1
6677    0 1
6678    0 1
6679    0 1
6680    0 1
6681    0 1
6682    0 1
6683    0 1
6684    0 1
6685    0 1
6686    0 1
6687    0 1
6688    0 1
6689    0 1
6690    0 1
6702    0 1
6703    0 1
6704    0 1
6705    0 1
6706    0 1
6707    0 1
6708    0 1
6709    0 1
6710    0 1
6711    0 1
6712    0 1
6729    0 1
6730    0 1
6731    0 1
6732    0 1
6733    0 1
6734    0 1
6735    0 1
6736    0 1
6741    0 1
6742    0 1
6743    0 1
6744    0 1
6751    0 1
6752    0 1
6753    0 1
6754    0 1
6755    0 1
6756    0 1
6757    0 1
6758    0 1
6761    0 1
6762    0 0
6762    0 1
8262  920 1
10270  920 1
6766    0 0
6767    0 0
6768    0 0
6769    0 0
6770    0 0
6771    0 0
6772    0 0
6773    0 0
6774    0 0
6775    0 0
6776    0 0
6777    0 0
6778    0 0
6779    0 0
6780    0 0
6781    0 0
6782    0 0
6783    0 0
6784    0 0
6784    0 1
10282 1122 1
8269 1122 1
6787    0 0
6788    0 0
6789    0 0
6790    0 0
6791    0 0
6792    0 0
6793    0 0
6794    0 0
6795    0 0
6796    0 0
6797    0 0
6797    0 1
8281 1221 1
8861 1221 1
6800    0 0
6800    0 1
8862 1230 1
8281 1230 1
6803    0 0
6803    0 1
8863 1244 1
8283 1244 1
6806    0 0
6806    0 1
8864 1253 1
8283 1253 1
6809    0 0
6809    0 1
8865 1267 1
8285 1267 1
6812    0 0
6812    0 1
8866 1276 1
8285 1276 1
6815    0 0
6815    0 1
8280 1284 1
6818    0 0
6818    0 1
8281 1288 1
6821    0 0
6821    0 1
8282 1292 1
6824    0 0
6824    0 1
8283 1296 1
6827    0 0
6827    0 1
8284 1300 1
6830    0 0
6830    0 1
8285 1304 1
6833    0 0
6833    0 1
8874 1702 1
8298 1702 1
6836    0 0
6837    0 0
6838    0 0
6839    0 0
6840    0 0
6841    0 0
6842    0 0
6843    0 0
6844    0 0
6845    0 0
6845    0 1
8298 1718 1
6848    0 0
6849    0 0
6850    0 0
6851    0 0
6852    0 0
6853    0 0
6854    0 0
6855    0 0
6856    0 0
6857    0 0
6858    0 0
6859    0 0
6860    0 0
6861    0 0
6862    0 0
6863    0 0
6864    0 0
6865    0 0
6866    0 0
6867    0 0
6867    0 1
8307 1935 1
8878 1935 1
6870    0 0
6871    0 0
6872    0 0
6873    0 0
6874    0 0
6875    0 0
6876    0 0
6877    0 0
6878    0 0
6879    0 0
6880    0 0
6881    0 0
6881    0 1
10291 1950 1
8307 1950 1
6884    0 0
6885    0 0
6886    0 0
6887    0 0
6888    0 0
6889    0 0
6890    0 0
6891    0 0
6892    0 0
6893    0 0
6894    0 0
6894    0 1
8337 2343 1
8338 2343 1
8339 2343 1
8333 2343 1
6901    0 0
6901    0 1
8338 2354 1
8339 2354 1
8333 2354 1
8343 2354 1
8344 2354 1
8340 2354 1
8341 2354 1
8342 2354 1
6912    0 0
6912    0 1
8333 2372 1
8339 2372 1
8344 2372 1
8341 2372 1
8342 2372 1
8345 2372 1
8346 2372 1
8347 2372 1
6923    0 0
6923    0 1
10269 2400 1
8333 2400 1
8346 2400 1
8342 2400 1
6929    0 0
6929    0 1
9280 2409 1
8348 2409 1
8349 2409 1
8350 2409 1
8351 2409 1
6936    0 0
6936    0 1
8349 2420 1
8350 2420 1
8352 2420 1
8353 2420 1
8354 2420 1
8351 2420 1
9280 2420 1
9285 2420 1
6946    0 0
6946    0 1
8350 2436 1
8351 2436 1
8353 2436 1
8354 2436 1
9285 2436 1
9280 2436 1
8355 2436 1
8356 2436 1
9286 2436 1
6957    0 0
6957    0 1
9280 2454 1
8351 2454 1
8354 2454 1
9285 2454 1
8356 2454 1
9286 2454 1
8357 2454 1
9287 2454 1
6967    0 1
6968    0 1
6969    0 1
6970    0 0
6970    0 1
8369 2589 1
8370 2589 1
8371 2589 1
8365 2589 1
6977    0 0
6977    0 1
8365 2600 1
8370 2600 1
8371 2600 1
8372 2600 1
8373 2600 1
8374 2600 1
8375 2600 1
8376 2600 1
6988    0 0
6988    0 1
8393 2618 1
8365 2618 1
8373 2618 1
8374 2618 1
8371 2618 1
8376 2618 1
8377 2618 1
6998    0 0
6998    0 1
8378 2643 1
8379 2643 1
8380 2643 1
9307 2643 1
8381 2643 1
7006    0 0
7006    0 1
9307 2655 1
8379 2655 1
8380 2655 1
8381 2655 1
8382 2655 1
8383 2655 1
8384 2655 1
9314 2655 1
8385 2655 1
8386 2655 1
8387 2655 1
7020    0 0
7020    0 1
8380 2676 1
9307 2676 1
8381 2676 1
8383 2676 1
8384 2676 1
9314 2676 1
8386 2676 1
8387 2676 1
8388 2676 1
8389 2676 1
9315 2676 1
8390 2676 1
8391 2676 1
7036    0 0
7036    0 1
9307 2701 1
8384 2701 1
8381 2701 1
8387 2701 1
9314 2701 1
8389 2701 1
9315 2701 1
8391 2701 1
8392 2701 1
9318 2701 1
7049    0 0
7049    0 1
8365 2734 1
8374 2734 1
8393 2734 1
7055    0 1
7056    0 1
7057    0 0
7057    0 1
8404 3022 1
8394 3022 1
7060    0 0
7061    0 0
7062    0 0
7063    0 1
7064    0 0
7065    0 0
7066    0 0
7067    0 0
7068    0 0
7068    0 1
8409 3052 1
8410 3052 1
8411 3052 1
8405 3052 1
7073    0 0
7073    0 1
8405 3062 1
8410 3062 1
8411 3062 1
7077    0 0
7077    0 1
8405 3071 1
8411 3071 1
7080    0 0
7080    0 1
8415 3082 1
8416 3082 1
8417 3082 1
8412 3082 1
8418 3082 1
7086    0 0
7086    0 1
8412 3093 1
8416 3093 1
8417 3093 1
8418 3093 1
7091    0 0
7091    0 1
8417 3102 1
8412 3102 1
8418 3102 1
7095    0 0
7095    0 1
8412 3110 1
8418 3110 1
7098    0 1
7099    0 1
7100    0 0
7100    0 1
8421 3228 1
10234 3228 1
7103    0 0
7104    0 0
7105    0 0
7106    0 0
7107    0 0
7107    0 1
8433 3283 1
8434 3283 1
8435 3283 1
8430 3283 1
7114    0 0
7114    0 1
8434 3295 1
8435 3295 1
8430 3295 1
8439 3295 1
8440 3295 1
8436 3295 1
8437 3295 1
8438 3295 1
7125    0 0
7125    0 1
8430 3314 1
8435 3314 1
8440 3314 1
8437 3314 1
8438 3314 1
8441 3314 1
8442 3314 1
8443 3314 1
7136    0 0
7136    0 1
10867 3344 1
8430 3344 1
8442 3344 1
8438 3344 1
7142    0 0
7142    0 1
8444 3353 1
8447 3353 1
8448 3353 1
8449 3353 1
8450 3353 1
7149    0 0
7149    0 1
8448 3365 1
8449 3365 1
8451 3365 1
8452 3365 1
8453 3365 1
8450 3365 1
8444 3365 1
10594 3365 1
7159    0 0
7159    0 1
8449 3381 1
8450 3381 1
8452 3381 1
8453 3381 1
10594 3381 1
8444 3381 1
8454 3381 1
8455 3381 1
10595 3381 1
7170    0 0
7170    0 1
8444 3399 1
8450 3399 1
8453 3399 1
10594 3399 1
8455 3399 1
10595 3399 1
8456 3399 1
10596 3399 1
7180    0 0
7180    0 1
10594 3417 1
8444 3417 1
10595 3417 1
10596 3417 1
10597 3417 1
7187    0 1
7188    0 0
7188    0 1
8484 3508 1
8991 3508 1
7191    0 0
7191    0 1
8992 3517 1
8484 3517 1
7194    0 0
7194    0 1
9603 3527 1
9369 3527 1
7198    0 0
7198    0 1
9602 3536 1
9369 3536 1
7202    0 0
7202    0 1
7205    0 0
7205    0 1
9605 3550 1
9371 3550 1
7209    0 0
7209    0 1
9604 3559 1
9371 3559 1
7213    0 0
7213    0 1
7216    0 0
7216    0 1
8483 3571 1
7219    0 0
7219    0 1
8484 3575 1
7222    0 0
7222    0 1
8488 3845 1
8489 3845 1
8490 3845 1
8485 3845 1
7229    0 0
7229    0 1
8485 3856 1
8489 3856 1
8490 3856 1
8491 3856 1
8492 3856 1
8493 3856 1
8494 3856 1
8495 3856 1
7240    0 0
7240    0 1
8517 3874 1
8485 3874 1
8492 3874 1
8493 3874 1
8490 3874 1
8495 3874 1
8496 3874 1
7250    0 0
7250    0 1
8500 3899 1
8501 3899 1
8502 3899 1
8497 3899 1
8503 3899 1
7258    0 0
7258    0 1
8497 3911 1
8501 3911 1
8502 3911 1
8503 3911 1
8504 3911 1
8505 3911 1
8506 3911 1
8507 3911 1
8508 3911 1
8509 3911 1
8510 3911 1
7272    0 0
7272    0 1
8502 3932 1
8497 3932 1
8503 3932 1
8505 3932 1
8506 3932 1
8507 3932 1
8509 3932 1
8510 3932 1
8511 3932 1
8512 3932 1
8513 3932 1
8514 3932 1
8515 3932 1
7288    0 0
7288    0 1
8497 3957 1
8506 3957 1
8503 3957 1
8510 3957 1
8507 3957 1
8512 3957 1
8513 3957 1
8515 3957 1
8516 3957 1
8518 3957 1
7301    0 0
7301    0 1
8485 3989 1
8493 3989 1
8517 3989 1
7307    0 0
7307    0 1
8497 3997 1
8507 3997 1
8518 3997 1
8513 3997 1
7314    0 0
7314    0 1
9613 4180 1
9396 4180 1
7318    0 0
7318    0 1
9612 4189 1
9396 4189 1
7322    0 0
7322    0 1
7325    0 0
7325    0 1
9614 4207 1
9399 4207 1
7328    0 0
7328    0 1
9615 4216 1
9399 4216 1
7331    0 0
7331    0 1
7334    0 0
7334    0 1
9024 4230 1
8540 4230 1
7337    0 0
7337    0 1
9025 4239 1
8540 4239 1
7340    0 0
7340    0 1
8539 4263 1
7343    0 0
7343    0 1
8540 4267 1
7346    0 0
7346    0 1
8545 4291 1
8546 4291 1
8547 4291 1
8541 4291 1
7351    0 0
7351    0 1
8541 4300 1
8546 4300 1
8547 4300 1
7355    0 0
7355    0 1
8541 4308 1
8547 4308 1
7358    0 0
7358    0 1
8551 4317 1
8552 4317 1
8553 4317 1
8548 4317 1
8554 4317 1
7364    0 0
7364    0 1
8548 4327 1
8552 4327 1
8553 4327 1
8554 4327 1
7369    0 0
7369    0 1
8553 4336 1
8548 4336 1
8554 4336 1
7373    0 0
7373    0 1
8548 4344 1
8554 4344 1
7376    0 1
7377    0 1
7378    0 0
7378    0 1
8579 4535 1
9053 4535 1
7381    0 0
7381    0 1
9054 4544 1
8579 4544 1
7384    0 0
7384    0 1
9621 4558 1
9420 4558 1
7387    0 0
7387    0 1
9621 4563 1
9419 4563 1
7391    0 0
7391    0 1
7394    0 0
7394    0 1
9624 4577 1
9421 4577 1
7398    0 0
7398    0 1
9623 4586 1
9421 4586 1
7402    0 0
7402    0 1
7405    0 0
7405    0 1
8578 4598 1
7408    0 0
7408    0 1
8579 4602 1
7411    0 0
7411    0 1
10552 4716 1
7414    0 0
7414    0 1
10637 4724 1
7417    0 0
7417    0 1
10638 4732 1
7420    0 0
7420    0 1
10639 4740 1
7423    0 0
7423    0 1
10640 4748 1
7426    0 0
7426    0 1
10565 4756 1
7429    0 0
7429    0 1
10642 4764 1
7432    0 0
7432    0 1
10643 4772 1
7435    0 0
7435    0 1
10644 4780 1
7438    0 0
7438    0 1
10645 4788 1
7441    0 0
7441    0 1
8608 4939 1
7444    0 0
7444    0 1
8610 4980 1
7447    0 0
7447    0 1
10737 5044 1
7450    0 0
7450    0 1
10909 5054 1
7453    0 0
7453    0 1
11023 5064 1
7456    0 0
7456    0 1
11141 5074 1
7459    0 0
7459    0 1
11242 5084 1
7462    0 0
7462    0 1
11243 5094 1
7465    0 0
7465    0 1
10738 5132 1
7468    0 0
7468    0 1
10910 5142 1
7471    0 0
7471    0 1
11024 5152 1
7474    0 0
7474    0 1
11142 5162 1
7477    0 1
7478    0 1
7479    0 0
7479    0 1
10609 5488 1
7482    0 0
7482    0 1
10845 5498 1
7485    0 0
7485    0 1
10969 5508 1
7488    0 0
7488    0 1
11077 5518 1
7491    0 0
7491    0 1
10610 5546 1
7494    0 0
7494    0 1
10846 5556 1
7497    0 0
7497    0 1
10970 5566 1
7500    0 0
7500    0 1
11078 5576 1
7503    0 0
7503    0 1
10746 5614 1
7506    0 0
7506    0 1
10915 5624 1
7509    0 0
7509    0 1
11027 5634 1
7512    0 0
7512    0 1
11143 5644 1
7515    0 0
7515    0 1
11244 5654 1
7518    0 0
7518    0 1
11245 5664 1
7521    0 0
7521    0 1
10747 5702 1
7524    0 0
7524    0 1
10916 5712 1
7527    0 0
7527    0 1
11028 5722 1
7530    0 0
7530    0 1
11144 5732 1
7533    0 0
7533    0 1
9271 5820 1
7536    0 0
7536    0 1
9272 5828 1
7539    0 0
7539    0 1
9273 5836 1
7542    0 0
7542    0 1
9274 5844 1
7545    0 0
7545    0 1
8322 5852 1
7548    0 0
7548    0 1
8324 5860 1
7551    0 1
7552    0 1
7553    0 0
7553    0 1
9863 6261 1
7556    0 1
7557    0 1
7558    0 1
7559    0 1
7560    0 0
7560    0 1
9180 6809 1
7563    0 0
7563    0 1
9179 6812 1
7566    0 0
7566    0 1
9182 6819 1
7569    0 0
7569    0 1
9181 6822 1
7572    0 1
7573    0 1
7574    0 0
7574    0 1
9160 7345 1
7577    0 0
7577    0 1
9159 7348 1
7580    0 1
7581    0 1
7582    0 0
7582    0 1
9237 7603 1
7585    0 0
7585    0 1
9236 7606 1
7588    0 0
7588    0 1
9235 7611 1
7591    0 0
7591    0 1
9234 7614 1
7609    0 0
7609    0 1
10649  929 1
8840  929 1
7613    0 0
7613    0 1
9068  950 0
7620    0 0
7620    0 1
10367 1129 0
8818 1129 1
7649    0 0
7650    0 0
7650    0 1
9079 1715 0
7655    0 0
7655    0 1
11153 1726 1
8874 1726 1
7659    0 0
7659    0 1
9089 1746 0
7668    0 0
7671    0 0
7671    0 1
10375 1957 0
8878 1957 1
7744    0 1
7822    0 1
7825    0 0
7826    0 1
7852    0 0
7852    0 1
8960 3235 1
8114    0 0
8114    0 1
9067 5014 1
8117    0 0
8117    0 1
10431 5034 1
8131    0 0
8131    0 1
9073 5102 1
8134    0 0
8134    0 1
10432 5122 1
8144    0 1
8145    0 1
8146    0 0
8146    0 1
10247 5478 1
8156    0 0
8156    0 1
10248 5536 1
8166    0 0
8166    0 1
9088 5584 1
8169    0 0
8169    0 1
10437 5604 1
8183    0 0
8183    0 1
9094 5672 1
8186    0 0
8186    0 1
10438 5692 1
8196    0 0
8196    0 1
8880 5817 1
8200    0 0
8200    0 1
8882 5825 1
8204    0 0
8204    0 1
8884 5833 1
8208    0 0
8208    0 1
8886 5841 1
8216    0 1
8217    0 1
8218    0 1
8219    0 1
8232    0 1
8233    0 1
8242    0 1
8243    0 1
8244    0 1
8245    0 1
8246    0 1
8247    0 1
8248    0 1
8249    0 1
8250    0 1
8251    0 1
8252    0 1
8253    0 1
8254    0 1
8260    0 1
8261    0 1
8262    0 0
8262    0 1
9736  997 1
10020  997 1
10021  997 1
10022  997 1
8269    0 0
8269    0 1
9732 1146 1
10013 1146 1
10014 1146 1
10015 1146 1
8274    0 1
8275    0 1
8276    0 1
8277    0 1
8278    0 1
8279    0 1
8280    0 0
8281    0 0
8282    0 0
8283    0 0
8284    0 0
8285    0 0
8288    0 1
8294    0 1
8295    0 1
8296    0 1
8297    0 1
8298    0 0
8298    0 1
10020 1788 1
10021 1788 1
10022 1788 1
10039 1788 1
10040 1788 1
10041 1788 1
8307    0 0
8307    0 1
10013 1974 1
10014 1974 1
10015 1974 1
10057 1974 1
10058 1974 1
10059 1974 1
8315    0 1
8317    0 1
8319    0 1
8321    0 1
8322    0 1
8323    0 1
8324    0 1
8325    0 1
8326    0 0
8326    0 1
9285 2472 1
9280 2472 1
9286 2472 1
9287 2472 1
9288 2472 1
8333    0 0
8333    0 1
9754 2487 1
9560 2487 1
8337    0 0
8338    0 0
8339    0 0
8340    0 0
8341    0 0
8342    0 0
8343    0 0
8344    0 0
8345    0 0
8346    0 0
8347    0 0
8348    0 0
8349    0 0
8350    0 0
8351    0 0
8352    0 0
8353    0 0
8354    0 0
8355    0 0
8356    0 0
8357    0 0
8358    0 0
8358    0 1
9307 2742 1
9314 2742 1
9318 2742 1
9315 2742 1
8365    0 0
8365    0 1
9579 2749 1
9775 2749 1
8369    0 0
8370    0 0
8371    0 0
8372    0 0
8373    0 0
8374    0 0
8375    0 0
8376    0 0
8377    0 0
8378    0 0
8379    0 0
8380    0 0
8381    0 0
8382    0 0
8383    0 0
8384    0 0
8385    0 0
8386    0 0
8387    0 0
8388    0 0
8389    0 0
8390    0 0
8391    0 0
8392    0 0
8393    0 0
8394    0 0
8394    0 1
10016 3035 1
10017 3035 1
9734 3035 1
10018 3035 1
10019 3035 1
9735 3035 1
10055 3035 1
10056 3035 1
9790 3035 1
8404    0 0
8405    0 0
8405    0 1
9585 3123 1
9332 3123 1
8409    0 0
8410    0 0
8411    0 0
8412    0 0
8412    0 1
9332 3136 1
10295 3136 1
8415    0 0
8416    0 0
8417    0 0
8418    0 0
8421    0 0
8421    0 1
9526 3249 1
10016 3249 1
10017 3249 1
9734 3249 1
9531 3249 1
10018 3249 1
10019 3249 1
9735 3249 1
8430    0 0
8430    0 1
9344 3431 1
9591 3431 1
8433    0 0
8434    0 0
8435    0 0
8436    0 0
8437    0 0
8438    0 0
8439    0 0
8440    0 0
8441    0 0
8442    0 0
8443    0 0
8444    0 0
8444    0 1
10598 3446 1
9344 3446 1
8447    0 0
8448    0 0
8449    0 0
8450    0 0
8451    0 0
8452    0 0
8453    0 0
8454    0 0
8455    0 0
8456    0 0
8457    0 0
8457    0 1
9602 3531 1
9370 3531 1
8460    0 0
8460    0 1
9603 3540 1
9370 3540 1
8463    0 0
8463    0 1
9604 3554 1
9372 3554 1
8466    0 0
8466    0 1
9605 3563 1
9372 3563 1
8469    0 1
8470    0 1
8471    0 0
8471    0 1
9369 3579 1
8474    0 0
8474    0 1
9370 3583 1
8477    0 0
8477    0 1
9371 3587 1
8480    0 0
8480    0 1
9372 3591 1
8483    0 0
8484    0 0
8485    0 0
8485    0 1
9611 4004 1
9385 4004 1
8488    0 0
8489    0 0
8490    0 0
8491    0 0
8492    0 0
8493    0 0
8494    0 0
8495    0 0
8496    0 0
8497    0 0
8497    0 1
9385 4020 1
8500    0 0
8501    0 0
8502    0 0
8503    0 0
8504    0 0
8505    0 0
8506    0 0
8507    0 0
8508    0 0
8509    0 0
8510    0 0
8511    0 0
8512    0 0
8513    0 0
8514    0 0
8515    0 0
8516    0 0
8517    0 0
8518    0 0
8519    0 0
8519    0 1
9397 4184 1
9612 4184 1
8522    0 0
8522    0 1
9613 4193 1
9397 4193 1
8525    0 0
8525    0 1
9396 4247 1
8528    0 0
8528    0 1
9397 4251 1
8531    0 0
8531    0 1
9398 4255 1
8534    0 0
8534    0 1
9399 4259 1
8537    0 1
8538    0 1
8539    0 0
8540    0 0
8541    0 0
8541    0 1
9618 4356 1
9408 4356 1
8545    0 0
8546    0 0
8547    0 0
8548    0 0
8548    0 1
9408 4369 1
9407 4369 1
8551    0 0
8552    0 0
8553    0 0
8554    0 0
8555    0 0
8555    0 1
9622 4567 1
9420 4567 1
8558    0 0
8558    0 1
9623 4581 1
9422 4581 1
8561    0 0
8561    0 1
9624 4590 1
9422 4590 1
8564    0 1
8565    0 1
8566    0 0
8566    0 1
9419 4606 1
8569    0 0
8569    0 1
9420 4610 1
8572    0 0
8572    0 1
9421 4614 1
8575    0 0
8575    0 1
9422 4618 1
8578    0 0
8579    0 0
8580    0 0
8580    0 1
10764 4796 1
8583    0 0
8583    0 1
10832 4804 1
8586    0 0
8586    0 1
10833 4812 1
8589    0 0
8589    0 1
10834 4820 1
8592    0 0
8592    0 1
10835 4828 1
8595    0 0
8595    0 1
10032 4844 1
8598    0 0
8598    0 1
10033 4852 1
8601    0 0
8601    0 1
10034 4860 1
8604    0 0
8604    0 1
10035 4868 1
8607    0 1
8608    0 1
8609    0 1
8610    0 1
8615    0 1
8616    0 1
8617    0 1
8618    0 1
8619    0 1
8624    0 1
8625    0 1
8626    0 1
8627    0 0
8627    0 1
10038 5388 1
8632    0 1
8633    0 1
8634    0 1
8637    0 1
8638    0 1
8639    0 1
8644    0 1
8645    0 1
8646    0 1
8647    0 1
8648    0 1
8653    0 1
8654    0 1
8655    0 1
8660    0 0
8660    0 1
9762 5940 1
8663    0 0
8663    0 1
9763 5948 1
8666    0 0
8666    0 1
9764 5956 1
8669    0 0
8669    0 1
9765 5964 1
8672    0 0
8672    0 1
9297 5972 1
8675    0 0
8675    0 1
9299 5980 1
8678    0 0
8678    0 1
10748 6080 1
8681    0 0
8681    0 1
10917 6090 1
8684    0 0
8684    0 1
11029 6100 1
8687    0 0
8687    0 1
11137 6110 1
8690    0 0
8690    0 1
10749 6138 1
8693    0 0
8693    0 1
10918 6148 1
8696    0 0
8696    0 1
11030 6158 1
8699    0 0
8699    0 1
11138 6168 1
8702    0 0
8702    0 1
11031 6216 1
8705    0 0
8705    0 1
11145 6226 1
8708    0 0
8708    0 1
11250 6236 1
8711    0 0
8711    0 1
11295 6246 1
8714    0 0
8714    0 1
11282 6256 1
8717    0 1
8718    0 0
8718    0 1
10981 6304 1
8721    0 0
8721    0 1
11095 6314 1
8724    0 0
8724    0 1
11210 6324 1
8727    0 0
8727    0 1
10050 6342 1
8730    0 0
8730    0 1
10231 6352 1
8733    0 1
8734    0 1
8735    0 0
8735    0 1
9795 6642 1
8738    0 0
8738    0 1
9796 6650 1
8741    0 0
8741    0 1
9797 6658 1
8744    0 0
8744    0 1
9798 6666 1
8747    0 0
8747    0 1
9359 6674 1
8750    0 0
8750    0 1
9361 6682 1
8753    0 1
8754    0 1
8755    0 1
8756    0 1
8757    0 0
8757    0 1
10753 6948 1
8760    0 0
8760    0 1
10922 6958 1
8763    0 0
8763    0 1
11034 6968 1
8766    0 0
8766    0 1
11139 6978 1
8769    0 0
8769    0 1
10754 7006 1
8772    0 0
8772    0 1
10923 7016 1
8775    0 0
8775    0 1
11035 7026 1
8778    0 0
8778    0 1
11140 7036 1
8781    0 0
8781    0 1
10862 7074 1
8784    0 0
8784    0 1
10986 7084 1
8787    0 0
8787    0 1
11098 7094 1
8790    0 0
8790    0 1
11211 7104 1
8793    0 0
8793    0 1
11284 7114 1
8796    0 0
8796    0 1
11285 7124 1
8799    0 0
8799    0 1
10863 7162 1
8802    0 0
8802    0 1
10987 7172 1
8805    0 0
8805    0 1
11099 7182 1
8808    0 0
8808    0 1
11212 7192 1
8811    0 0
8811    0 1
10067 7438 1
8814    0 1
8815    0 1
8816    0 1
8817    0 1
8818    0 0
8840    0 0
8857    0 0
8857    0 1
9543  933 1
10648  933 1
10354  933 1
8861    0 0
8862    0 0
8863    0 0
8864    0 0
8865    0 0
8866    0 0
8871    0 0
8871    0 1
9551 1730 1
11152 1730 1
8874    0 0
8878    0 0
8879    0 1
8880    0 1
8881    0 1
8882    0 1
8883    0 1
8884    0 1
8885    0 1
8886    0 1
8887    0 1
8888    0 1
8898    0 0
8898    0 1
9758 2495 0
10292 2495 1
8902    0 0
8902    0 1
9925 2515 0
9560 2515 1
8920    0 0
8920    0 1
9779 2757 0
10133 2757 1
8924    0 0
8924    0 1
9671 2768 0
8927    0 0
8927    0 1
11223 2780 1
9579 2780 1
8931    0 0
8931    0 1
9682 2801 0
8943    0 0
8943    0 1
9526 3046 1
9531 3046 1
10140 3046 0
8950    0 0
8950    0 1
10548 3131 1
9786 3131 0
8956    0 0
8956    0 1
9585 3143 1
8959    0 1
8960    0 0
8963    0 0
8966    0 0
8966    0 1
10652 3453 0
9591 3453 1
8991    0 0
8992    0 0
8995    0 0
8996    0 0
8996    0 1
9707 4017 0
9001    0 0
9001    0 1
11227 4028 1
9611 4028 1
9005    0 0
9005    0 1
9717 4048 0
9024    0 0
9025    0 0
9029    0 0
9029    0 1
10054 4364 1
9820 4364 0
9035    0 0
9035    0 1
9618 4376 1
9053    0 0
9054    0 0
9064    0 1
9065    0 1
9066    0 1
9067    0 1
9068    0 0
9068    0 1
10076 5024 1
9071    0 1
9072    0 1
9073    0 1
9074    0 0
9074    0 1
10077 5112 1
9077    0 1
9079    0 0
9079    0 1
9660 5468 1
9082    0 1
9083    0 0
9083    0 1
9662 5526 1
9086    0 1
9087    0 1
9088    0 1
9089    0 0
9089    0 1
10082 5594 1
9092    0 1
9093    0 1
9094    0 1
9095    0 0
9095    0 1
10083 5682 1
9098    0 1
9099    0 0
9099    0 1
9562 5937 1
9103    0 0
9103    0 1
9564 5945 1
9107    0 0
9107    0 1
9566 5953 1
9111    0 0
9111    0 1
9568 5961 1
9117    0 0
9117    0 1
10439 6070 1
9127    0 0
9127    0 1
10440 6128 1
9146    0 0
9146    0 1
9691 6264 1
9149    0 0
9149    0 1
10621 6284 1
9159    0 1
9160    0 1
9161    0 0
9161    0 1
9593 6639 1
9165    0 0
9165    0 1
9595 6647 1
9169    0 0
9169    0 1
9597 6655 1
9173    0 0
9173    0 1
9599 6663 1
9179    0 1
9180    0 1
9181    0 1
9182    0 1
9183    0 0
9183    0 1
10444 6938 1
9193    0 0
9193    0 1
10445 6996 1
9203    0 0
9203    0 1
9716 7044 1
9206    0 0
9206    0 1
10626 7064 1
9220    0 0
9220    0 1
9722 7132 1
9223    0 0
9223    0 1
10627 7152 1
9234    0 1
9235    0 1
9236    0 1
9237    0 1
9238    0 0
9242    0 0
9243    0 1
9244    0 1
9245    0 1
9246    0 1
9247    0 1
9248    0 1
9249    0 1
9250    0 1
9251    0 1
9252    0 1
9256    0 1
9257    0 1
9258    0 1
9259    0 1
9260    0 1
9261    0 1
9262    0 1
9265    0 0
9265    0 1
9736 1790 1
10116 1790 0
9268    0 0
9268    0 1
9732 1982 1
10141 1982 0
9271    0 1
9272    0 1
9273    0 1
9274    0 1
9276    0 1
9280    0 0
9280    0 1
9767 2508 1
9754 2508 1
9285    0 0
9286    0 0
9287    0 0
9288    0 0
9290    0 1
9292    0 1
9294    0 1
9296    0 1
9297    0 1
9298    0 1
9299    0 1
9300    0 1
9301    0 1
9307    0 0
9307    0 1
9775 2771 1
9773 2771 1
9314    0 0
9315    0 0
9318    0 0
9319    0 1
9320    0 1
9321    0 1
9322    0 1
9323    0 1
9324    0 1
9326    0 1
9332    0 0
9332    0 1
10017 3156 1
9734 3156 1
10019 3156 1
9735 3156 1
10056 3156 1
9790 3156 1
9339    0 0
9339    0 1
10102 3259 0
10103 3259 0
9344    0 0
9344    0 1
10014 3466 1
10015 3466 1
10058 3466 1
10059 3466 1
10060 3466 1
10061 3466 1
9352    0 1
9354    0 1
9356    0 1
9358    0 1
9359    0 1
9360    0 1
9361    0 1
9362    0 1
9363    0 1
9364    0 1
9365    0 1
9366    0 1
9367    0 1
9368    0 1
9369    0 0
9370    0 0
9371    0 0
9372    0 0
9375    0 1
9381    0 1
9382    0 1
9383    0 1
9384    0 1
9385    0 0
9385    0 1
10021 4089 1
10022 4089 1
10040 4089 1
10041 4089 1
10042 4089 1
10043 4089 1
9392    0 1
9393    0 1
9394    0 1
9395    0 1
9396    0 0
9397    0 0
9398    0 0
9399    0 0
9400    0 1
9401    0 1
9402    0 1
9407    0 1
9408    0 0
9408    0 1
9734 4386 1
9735 4386 1
9790 4386 1
9412    0 1
9413    0 1
9414    0 1
9415    0 1
9416    0 1
9417    0 1
9418    0 1
9419    0 0
9420    0 0
9421    0 0
9422    0 0
9423    0 0
9423    0 1
9740 4836 1
9426    0 0
9426    0 1
9836 4949 1
9429    0 0
9429    0 1
9838 4990 1
9432    0 1
9435    0 1
9442    0 1
9445    0 1
9454    0 1
9455    0 1
9456    0 1
9459    0 1
9460    0 1
9461    0 1
9462    0 0
9462    0 1
10919 6206 1
9465    0 1
9466    0 1
9467    0 1
9468    0 1
9473    0 0
9473    0 1
10857 6294 1
9476    0 1
9477    0 1
9478    0 0
9478    0 1
10232 6362 1
9485    0 0
9485    0 1
10237 6840 1
9488    0 0
9488    0 1
10238 6848 1
9493    0 1
9494    0 1
9495    0 1
9498    0 1
9499    0 1
9500    0 1
9505    0 1
9506    0 1
9507    0 1
9508    0 1
9509    0 1
9514    0 1
9515    0 1
9516    0 1
9517    0 0
9517    0 1
10239 7448 1
9520    0 0
9520    0 1
10240 7458 1
9526    0 0
9531    0 0
9539    0 1
9540    0 1
9541    0 1
9543    0 0
9543    0 1
10581  962 1
9551    0 0
9551    0 1
11154 1751 1
9557    0 1
9560    0 0
9561    0 1
9562    0 1
9563    0 1
9564    0 1
9565    0 1
9566    0 1
9567    0 1
9568    0 1
9569    0 1
9570    0 1
9571    0 1
9575    0 0
9575    0 1
9935 2784 1
11222 2784 1
9932 2784 1
9579    0 0
9581    0 1
9582    0 1
9585    0 0
9591    0 0
9592    0 1
9593    0 1
9594    0 1
9595    0 1
9596    0 1
9597    0 1
9598    0 1
9599    0 1
9600    0 1
9601    0 1
9602    0 0
9603    0 0
9604    0 0
9605    0 0
9608    0 0
9608    0 1
9949 4032 1
11226 4032 1
9611    0 0
9612    0 0
9613    0 0
9614    0 0
9615    0 0
9616    0 1
9617    0 1
9618    0 0
9621    0 0
9622    0 0
9623    0 0
9624    0 0
9626    0 0
9626    0 1
9898 4841 1
9629    0 0
9629    0 1
9900 4849 1
9632    0 0
9632    0 1
9902 4857 1
9635    0 0
9635    0 1
9904 4865 1
9642    0 0
9642    0 1
9958 5021 1
9645    0 1
9646    0 0
9646    0 1
9960 5109 1
9649    0 1
9650    0 0
9650    0 1
9907 5369 1
9653    0 0
9653    0 1
9909 5377 1
9656    0 0
9656    0 1
9911 5385 1
9659    0 1
9660    0 1
9661    0 1
9662    0 1
9663    0 0
9663    0 1
9968 5591 1
9666    0 1
9667    0 0
9667    0 1
9970 5679 1
9670    0 1
9671    0 0
9671    0 1
9972 6060 1
9674    0 1
9675    0 0
9675    0 1
9974 6118 1
9678    0 1
9679    0 0
9679    0 1
9976 6176 1
9682    0 0
9682    0 1
10441 6186 1
9685    0 0
9685    0 1
10750 6196 1
9690    0 1
9691    0 1
9692    0 0
9692    0 1
10259 6274 1
9695    0 1
9698    0 0
9698    0 1
9939 6337 1
9702    0 0
9702    0 1
9948 6829 1
9707    0 0
9707    0 1
9996 6928 1
9710    0 1
9711    0 0
9711    0 1
9998 6986 1
9714    0 1
9715    0 1
9716    0 1
9717    0 0
9717    0 1
10264 7054 1
9720    0 1
9721    0 1
9722    0 1
9723    0 0
9723    0 1
10265 7142 1
9726    0 1
9727    0 0
9727    0 1
9954 7433 1
9732    0 0
9733    0 1
9734    0 0
9735    0 0
9736    0 0
9737    0 1
9738    0 1
9739    0 1
9740    0 1
9741    0 1
9742    0 1
9754    0 0
9754    0 1
10015 2532 1
10059 2532 1
10061 2532 1
9758    0 0
9758    0 1
10014 2537 1
10058 2537 1
10060 2537 1
9762    0 1
9763    0 1
9764    0 1
9765    0 1
9767    0 0
9768    0 1
9769    0 1
9773    0 1
9774    0 1
9775    0 0
9775    0 1
10022 2852 1
10041 2852 1
10043 2852 1
9779    0 0
9779    0 1
10021 2854 1
10040 2854 1
10042 2854 1
9784    0 1
9785    0 1
9786    0 0
9786    0 1
10016 3164 1
10018 3164 1
10055 3164 1
9790    0 0
9791    0 0
9791    0 1
10013 3468 1
10057 3468 1
10148 3468 0
9795    0 1
9796    0 1
9797    0 1
9798    0 1
9800    0 1
9801    0 1
9802    0 1
9803    0 1
9805    0 1
9806    0 1
9809    0 0
9809    0 1
10020 4091 1
10039 4091 1
10119 4091 0
9813    0 1
9814    0 1
9815    0 1
9816    0 1
9817    0 0
9817    0 1
10054 4382 1
9820    0 0
9820    0 1
10017 4388 1
10019 4388 1
10056 4388 1
9825    0 1
9826    0 1
9827    0 1
9828    0 1
9829    0 1
9830    0 1
9835    0 1
9836    0 1
9837    0 1
9838    0 1
9846    0 1
9847    0 1
9862    0 1
9863    0 1
9866    0 1
9873    0 1
9876    0 1
9890    0 1
9891    0 1
9892    0 1
9893    0 1
9894    0 1
9895    0 1
9896    0 1
9897    0 1
9898    0 1
9899    0 1
9900    0 1
9901    0 1
9902    0 1
9903    0 1
9904    0 1
9905    0 1
9906    0 1
9907    0 1
9908    0 1
9909    0 1
9910    0 1
9911    0 1
9917    0 1
9925    0 0
9925    0 1
10105 2564 1
10106 2564 1
10107 2564 1
10108 2564 1
10130 2564 1
9932    0 0
9932    0 1
10133 2809 1
9935    0 0
9935    0 1
11224 2813 1
9938    0 1
9939    0 1
9947    0 1
9948    0 1
9949    0 0
9949    0 1
11228 4053 1
9953    0 1
9954    0 1
9955    0 1
9956    0 1
9957    0 1
9958    0 1
9959    0 1
9960    0 1
9961    0 0
9961    0 1
10177 5475 1
9964    0 0
9964    0 1
10179 5533 1
9967    0 1
9968    0 1
9969    0 1
9970    0 1
9971    0 1
9972    0 1
9973    0 1
9974    0 1
9975    0 1
9976    0 1
9977    0 1
9978    0 1
9979    0 0
9979    0 1
10196 6271 1
9982    0 1
9983    0 0
9983    0 1
10136 6347 1
9986    0 0
9986    0 1
10138 6357 1
9989    0 0
9989    0 1
10157 6837 1
9992    0 0
9992    0 1
10159 6845 1
9995    0 1
9996    0 1
9997    0 1
9998    0 1
9999    0 0
9999    0 1
10204 7051 1
10002    0 1
10003    0 0
10003    0 1
10206 7139 1
10006    0 1
10007    0 0
10007    0 1
10163 7443 1
10010    0 0
10010    0 1
10165 7453 1
10013    0 0
10014    0 0
10015    0 0
10016    0 0
10017    0 0
10018    0 0
10019    0 0
10020    0 0
10021    0 0
10022    0 0
10023    0 1
10024    0 1
10025    0 0
10025    0 1
10026    0 1
10028    0 1
10032    0 1
10033    0 1
10034    0 1
10035    0 1
10036    0 1
10037    0 1
10038    0 1
10039    0 0
10040    0 0
10041    0 0
10042    0 0
10043    0 0
10050    0 1
10053    0 1
10054    0 0
10055    0 0
10056    0 0
10057    0 0
10058    0 0
10059    0 0
10060    0 0
10061    0 0
10062    0 1
10067    0 1
10070    0 0
10070    0 1
10212 4959 1
10073    0 0
10073    0 1
10213 5000 1
10076    0 1
10077    0 1
10082    0 1
10083    0 1
10084    0 1
10085    0 1
10086    0 1
10093    0 1
10094    0 1
10101    0 0
10101    0 1
10102    0 0
10102    0 1
10103    0 0
10103    0 1
10104    0 0
10104    0 1
10105    0 0
10106    0 0
10107    0 0
10108    0 0
10109    0 0
10109    0 1
10110    0 0
10110    0 1
10111    0 0
10111    0 1
10112    0 0
10112    0 1
10113    0 1
10114    0 1
10115    0 1
10116    0 0
10116    0 1
10270 1447 1
10119    0 0
10119    0 1
11154 1766 1
11280 1766 1
11155 1766 1
10124    0 0
10124    0 1
10266 2571 1
10267 2571 1
10268 2571 1
10269 2571 1
10292 2571 1
10130    0 0
10131    0 1
10132    0 1
10133    0 0
10134    0 1
10135    0 1
10136    0 1
10137    0 1
10138    0 1
10139    0 0
10140    0 1
10141    0 0
10141    0 1
10278 3271 1
10279 3271 1
10280 3271 1
10281 3271 1
10282 3271 1
10148    0 0
10148    0 1
10287 3279 1
10288 3279 1
10289 3279 1
10290 3279 1
10291 3279 1
10155    0 1
10156    0 1
10157    0 1
10158    0 1
10159    0 1
10160    0 1
10161    0 1
10162    0 1
10163    0 1
10164    0 1
10165    0 1
10170    0 0
10170    0 1
10315 5031 1
10173    0 0
10173    0 1
10317 5119 1
10176    0 1
10177    0 1
10178    0 1
10179    0 1
10180    0 0
10180    0 1
10325 5601 1
10183    0 0
10183    0 1
10327 5689 1
10186    0 0
10186    0 1
10329 6067 1
10189    0 0
10189    0 1
10331 6125 1
10192    0 0
10192    0 1
10333 6183 1
10195    0 1
10196    0 1
10197    0 0
10197    0 1
10338 6935 1
10200    0 0
10200    0 1
10340 6993 1
10203    0 1
10204    0 1
10205    0 1
10206    0 1
10212    0 1
10213    0 1
10230    0 0
10231    0 1
10232    0 1
10233    0 1
10234    0 1
10237    0 1
10238    0 1
10239    0 1
10240    0 1
10241    0 1
10242    0 1
10247    0 1
10248    0 1
10259    0 1
10264    0 1
10265    0 1
10266    0 0
10267    0 0
10268    0 0
10269    0 0
10270    0 1
10271    0 1
10272    0 1
10273    0 0
10273    0 1
10581  975 1
11278  975 1
10582  975 1
10278    0 0
10279    0 0
10280    0 0
10281    0 0
10282    0 0
10283    0 0
10283    0 1
11152 1771 1
11289 1771 1
11153 1771 1
10287    0 0
10288    0 0
10289    0 0
10290    0 0
10291    0 0
10292    0 0
10293    0 1
10294    0 1
10295    0 1
10296    0 0
10296    0 1
10451 3245 1
10299    0 1
10300    0 1
10301    0 0
10301    0 1
11228 4067 1
11298 4067 1
11229 4067 1
10306    0 1
10307    0 1
10308    0 0
10308    0 1
10456 4713 1
10311    0 0
10311    0 1
10466 4753 1
10314    0 1
10315    0 1
10316    0 1
10317    0 1
10318    0 0
10318    0 1
10516 5485 1
10321    0 0
10321    0 1
10518 5543 1
10324    0 1
10325    0 1
10326    0 1
10327    0 1
10328    0 1
10329    0 1
10330    0 1
10331    0 1
10332    0 1
10333    0 1
10334    0 0
10334    0 1
10535 6281 1
10337    0 1
10338    0 1
10339    0 1
10340    0 1
10341    0 0
10341    0 1
10543 7061 1
10344    0 0
10344    0 1
10545 7149 1
10350    0 0
10350    0 1
10351    0 0
10351    0 1
10352    0 0
10352    0 1
10353    0 0
10353    0 1
10354    0 0
10354    0 1
10551  958 1
10357    0 0
10357    0 1
10649  967 1
10582  967 1
10360    0 0
10360    0 1
10648  971 1
10581  971 1
10367    0 0
10367    0 1
10549 1161 1
10588 1161 1
10587 1161 1
10375    0 0
10375    0 1
10553 2008 1
10554 2008 1
10555 2008 1
10556 2008 1
10381    0 0
10381    0 1
10595 2580 1
10596 2580 1
10597 2580 1
10594 2580 1
10598 2580 1
10388    0 0
10388    0 1
10577 2868 1
10391    0 0
10391    0 1
10548 3152 1
10399    0 0
10399    0 1
10577 4443 1
10402    0 0
10402    0 1
10577 4524 1
10406    0 0
10406    0 1
10558 4721 1
10409    0 0
10409    0 1
10560 4729 1
10412    0 0
10412    0 1
10562 4737 1
10415    0 0
10415    0 1
10564 4745 1
10419    0 0
10419    0 1
10567 4761 1
10422    0 0
10422    0 1
10569 4769 1
10425    0 0
10425    0 1
10571 4777 1
10428    0 0
10428    0 1
10573 4785 1
10431    0 1
10432    0 1
10437    0 1
10438    0 1
10439    0 1
10440    0 1
10441    0 1
10444    0 1
10445    0 1
10450    0 1
10451    0 0
10455    0 1
10456    0 1
10465    0 1
10466    0 1
10479    0 0
10479    0 1
10648  980 1
11288  980 1
10649  980 1
10497    0 0
10497    0 1
11226 4072 1
11309 4072 1
11227 4072 1
10509    0 0
10509    0 1
10672 5041 1
10512    0 0
10512    0 1
10674 5129 1
10515    0 1
10516    0 1
10517    0 1
10518    0 1
10519    0 0
10519    0 1
10682 5611 1
10522    0 0
10522    0 1
10684 5699 1
10525    0 0
10525    0 1
10686 6077 1
10528    0 0
10528    0 1
10688 6135 1
10531    0 0
10531    0 1
10690 6193 1
10534    0 1
10535    0 1
10536    0 0
10536    0 1
10695 6945 1
10539    0 0
10539    0 1
10697 7003 1
10542    0 1
10543    0 1
10544    0 1
10545    0 1
10546    0 0
10547    0 1
10548    0 0
10549    0 0
10550    0 1
10551    0 0
10552    0 1
10553    0 0
10554    0 0
10555    0 0
10556    0 0
10557    0 1
10558    0 1
10559    0 1
10560    0 1
10561    0 1
10562    0 1
10563    0 1
10564    0 1
10565    0 1
10566    0 1
10567    0 1
10568    0 1
10569    0 1
10570    0 1
10571    0 1
10572    0 1
10573    0 1
10574    0 0
10574    0 1
10575    0 0
10575    0 1
10576    0 0
10576    0 1
10577    0 1
10581    0 0
10582    0 0
10583    0 0
10583    0 1
10705 1166 1
10730 1166 1
10731 1166 1
10587    0 0
10588    0 0
10589    0 0
10589    0 1
10707 2014 1
10708 2014 1
10709 2014 1
10710 2014 1
10594    0 0
10595    0 0
10596    0 0
10597    0 0
10598    0 0
10602    0 0
10602    0 1
10720 4793 1
10609    0 1
10610    0 1
10621    0 1
10626    0 1
10627    0 1
10628    0 0
10628    0 1
10629    0 0
10631    0 0
10632    0 0
10632    0 1
10637    0 1
10638    0 1
10639    0 1
10640    0 1
10641    0 0
10641    0 1
10642    0 1
10643    0 1
10644    0 1
10645    0 1
10648    0 0
10649    0 0
10652    0 0
10652    0 1
10765 3491 1
10766 3491 1
10767 3491 1
10768 3491 1
10659    0 0
10659    0 1
10770 4801 1
10662    0 0
10662    0 1
10772 4809 1
10665    0 0
10665    0 1
10774 4817 1
10668    0 0
10668    0 1
10776 4825 1
10671    0 1
10672    0 1
10673    0 1
10674    0 1
10675    0 0
10675    0 1
10797 5495 1
10678    0 0
10678    0 1
10799 5553 1
10681    0 1
10682    0 1
10683    0 1
10684    0 1
10685    0 1
10686    0 1
10687    0 1
10688    0 1
10689    0 1
10690    0 1
10691    0 0
10691    0 1
10816 6291 1
10694    0 1
10695    0 1
10696    0 1
10697    0 1
10698    0 0
10698    0 1
10824 7071 1
10701    0 0
10701    0 1
10826 7159 1
10704    0 0
10704    0 1
10705    0 0
10706    0 0
10706    0 1
10707    0 0
10708    0 0
10709    0 0
10710    0 0
10711    0 0
10711    0 1
10712    0 0
10712    0 1
10713    0 0
10713    0 1
10714    0 0
10714    0 1
10715    0 0
10715    0 1
10716    0 0
10716    0 1
10717    0 0
10717    0 1
10718    0 0
10718    0 1
10719    0 1
10720    0 1
10729    0 0
10729    0 1
10730    0 0
10731    0 0
10737    0 1
10738    0 1
10739    0 0
10739    0 1
11321 5167 1
10746    0 1
10747    0 1
10748    0 1
10749    0 1
10750    0 1
10753    0 1
10754    0 1
10759    0 0
10759    0 1
10760    0 0
10760    0 1
10761    0 0
10761    0 1
10762    0 0
10762    0 1
10763    0 0
10763    0 1
10764    0 1
10765    0 0
10766    0 0
10767    0 0
10768    0 0
10769    0 1
10770    0 1
10771    0 1
10772    0 1
10773    0 1
10774    0 1
10775    0 1
10776    0 1
10778    0 0
10778    0 1
10781    0 0
10781    0 1
10784    0 0
10784    0 1
10864 3497 1
10865 3497 1
10866 3497 1
10867 3497 1
10789    0 0
10789    0 1
10873 5051 1
10792    0 0
10792    0 1
10875 5139 1
10796    0 1
10797    0 1
10798    0 1
10799    0 1
10800    0 0
10800    0 1
10883 5621 1
10803    0 0
10803    0 1
10885 5709 1
10806    0 0
10806    0 1
10887 6087 1
10809    0 0
10809    0 1
10889 6145 1
10812    0 0
10812    0 1
10891 6203 1
10815    0 1
10816    0 1
10817    0 0
10817    0 1
10896 6955 1
10820    0 0
10820    0 1
10898 7013 1
10823    0 1
10824    0 1
10825    0 1
10826    0 1
10827    0 0
10827    0 1
10832    0 1
10833    0 1
10834    0 1
10835    0 1
10836    0 1
10837    0 0
10837    0 1
10838    0 0
10838    0 1
10839    0 0
10839    0 1
10840    0 0
10840    0 1
10845    0 1
10846    0 1
10857    0 1
10862    0 1
10863    0 1
10864    0 0
10865    0 0
10866    0 0
10867    0 0
10868    0 0
10868    0 1
10869    0 0
10869    0 1
10870    0 0
10870    0 1
10871    0 0
10871    0 1
10872    0 1
10873    0 1
10874    0 1
10875    0 1
10876    0 0
10876    0 1
10935 5505 1
10879    0 0
10879    0 1
10937 5563 1
10882    0 1
10883    0 1
10884    0 1
10885    0 1
10886    0 1
10887    0 1
10888    0 1
10889    0 1
10890    0 1
10891    0 1
10892    0 0
10892    0 1
10954 6301 1
10895    0 1
10896    0 1
10897    0 1
10898    0 1
10899    0 0
10899    0 1
10962 7081 1
10902    0 0
10902    0 1
10964 7169 1
10905    0 0
10905    0 1
10906    0 0
10906    0 1
10907    0 0
10907    0 1
10908    0 0
10908    0 1
10909    0 1
10910    0 1
10915    0 1
10916    0 1
10917    0 1
10918    0 1
10919    0 1
10922    0 1
10923    0 1
10928    0 0
10928    0 1
10989 5061 1
10931    0 0
10931    0 1
10991 5149 1
10934    0 1
10935    0 1
10936    0 1
10937    0 1
10938    0 0
10938    0 1
10999 5631 1
10941    0 0
10941    0 1
11001 5719 1
10944    0 0
10944    0 1
11003 6097 1
10947    0 0
10947    0 1
11005 6155 1
10950    0 0
10950    0 1
11007 6213 1
10953    0 1
10954    0 1
10955    0 0
10955    0 1
11012 6965 1
10958    0 0
10958    0 1
11014 7023 1
10961    0 1
10962    0 1
10963    0 1
10964    0 1
10969    0 1
10970    0 1
10981    0 1
10986    0 1
10987    0 1
10988    0 1
10989    0 1
10990    0 1
10991    0 1
10992    0 0
10992    0 1
11041 5515 1
10995    0 0
10995    0 1
11043 5573 1
10998    0 1
10999    0 1
11000    0 1
11001    0 1
11002    0 1
11003    0 1
11004    0 1
11005    0 1
11006    0 1
11007    0 1
11008    0 0
11008    0 1
11066 6311 1
11011    0 1
11012    0 1
11013    0 1
11014    0 1
11015    0 0
11015    0 1
11074 7091 1
11018    0 0
11018    0 1
11076 7179 1
11023    0 1
11024    0 1
11027    0 1
11028    0 1
11029    0 1
11030    0 1
11031    0 1
11034    0 1
11035    0 1
11040    0 1
11041    0 1
11042    0 1
11043    0 1
11044    0 0
11044    0 1
11115 5071 1
11047    0 0
11047    0 1
11117 5159 1
11050    0 0
11050    0 1
11119 5641 1
11053    0 0
11053    0 1
11121 5729 1
11056    0 0
11056    0 1
11107 6107 1
11059    0 0
11059    0 1
11109 6165 1
11062    0 0
11062    0 1
11123 6223 1
11065    0 1
11066    0 1
11067    0 0
11067    0 1
11111 6975 1
11070    0 0
11070    0 1
11113 7033 1
11073    0 1
11074    0 1
11075    0 1
11076    0 1
11077    0 1
11078    0 1
11095    0 1
11098    0 1
11099    0 1
11100    0 0
11100    0 1
11153 1757 1
11155 1757 1
11103    0 0
11103    0 1
11152 1762 1
11154 1762 1
11106    0 1
11107    0 1
11108    0 1
11109    0 1
11110    0 1
11111    0 1
11112    0 1
11113    0 1
11114    0 1
11115    0 1
11116    0 1
11117    0 1
11118    0 1
11119    0 1
11120    0 1
11121    0 1
11122    0 1
11123    0 1
11124    0 0
11124    0 1
11184 6321 1
11127    0 0
11127    0 1
11186 7101 1
11130    0 0
11130    0 1
11188 7189 1
11137    0 1
11138    0 1
11139    0 1
11140    0 1
11141    0 1
11142    0 1
11143    0 1
11144    0 1
11145    0 1
11152    0 0
11153    0 0
11154    0 0
11155    0 0
11156    0 0
11156    0 1
11223 2819 1
11225 2819 1
11159    0 0
11159    0 1
11222 2824 1
11224 2824 1
11162    0 0
11162    0 1
11227 4059 1
11229 4059 1
11165    0 0
11165    0 1
11226 4064 1
11228 4064 1
11168    0 0
11168    0 1
11214 5081 1
11171    0 0
11171    0 1
11216 5091 1
11174    0 0
11174    0 1
11218 5651 1
11177    0 0
11177    0 1
11220 5661 1
11180    0 0
11180    0 1
11232 6233 1
11183    0 1
11184    0 1
11185    0 1
11186    0 1
11187    0 1
11188    0 1
11205    0 0
11205    0 1
11320 5737 1
11210    0 1
11211    0 1
11212    0 1
11213    0 1
11214    0 1
11215    0 1
11216    0 1
11217    0 1
11218    0 1
11219    0 1
11220    0 1
11222    0 0
11223    0 0
11224    0 0
11225    0 0
11226    0 0
11227    0 0
11228    0 0
11229    0 0
11231    0 1
11232    0 1
11233    0 0
11233    0 1
11265 6253 1
11236    0 0
11236    0 1
11268 7111 1
11239    0 0
11239    0 1
11270 7121 1
11242    0 1
11243    0 1
11244    0 1
11245    0 1
11246    0 1
11250    0 1
11252    0 0
11252    0 1
11339 6329 1
11257    0 0
11257    0 1
11335 7197 1
11260    0 1
11262    0 1
11264    0 1
11265    0 1
11267    0 1
11268    0 1
11269    0 1
11270    0 1
11272    0 0
11272    0 1
11291 6243 1
11277    0 1
11278    0 0
11279    0 1
11280    0 0
11282    0 1
11283    0 1
11284    0 1
11285    0 1
11286    0 1
11288    0 0
11289    0 0
11290    0 1
11291    0 1
11293    0 1
11295    0 1
11296    0 1
11297    0 1
11298    0 0
11299    0 0
11299    0 1
11313 5170 1
11302    0 0
11302    0 1
11312 5740 1
11307    0 1
11308    0 0
11309    0 0
11312    0 1
11313    0 1
11314    0 1
11315    0 1
11316    0 0
11317    0 0
11317    0 1
11329 7200 1
11320    0 1
11321    0 1
11323    0 0
11323    0 1
11336 6332 1
11329    0 1
11331    0 1
11333    0 0
11333    0 1
11334    0 0
11334    0 1
11335    0 1
11336    0 1
11337    0 1
11339    0 1
11340    0 0
11340    0 1
11342    0 0
11342    0 1
