1	PI	387	388	590
5	PI	585	593	596
9	PI	628	632
12	PI	628	632
15	PI	582	625
18	PI	676	682	689	695
23	PI	1930	2346
26	PI	1929	2345
29	PI	1928	2344
32	PI	2012	2381
35	PI	2011	2380
38	PI	614	636
41	PI	1927	2343
44	PI	1926	2342
47	PI	2010	2379
50	PI	2013	2382
53	PI	2424
54	PI	2425
55	PI	2426
56	PI	2427
57	PI	467
58	PI	2396
59	PI	2399
60	PI	2403
61	PI	2404
62	PI	2405
63	PI	2434
64	PI	2433
65	PI	2429
66	PI	2014	2383
69	PI	2418
70	PI	2367	2419
73	PI	2423
74	PI	2420
75	PI	2422
76	PI	2421
77	PI	2397
78	PI	2398
79	PI	2402
80	PI	2401
81	PI	2400
82	PI	2428
83	PI	2430
84	PI	2431
85	PI	2432
86	PI	2435
87	PI	2361
88	PI	2363
89	PI	9407	9734	9735	9790
94	PI	2324	2329
97	PI	2323	2328
100	PI	2303	2308
103	PI	2299	2304
106	PI	657	674
109	PI	2436
110	PI	2437
111	PI	2360
112	PI	2362
113	PI	2359
114	PI	2358
115	PI	2321	2326
118	PI	2322	2327
121	PI	2325	2330
124	PI	2302	2307
127	PI	2301	2306
130	PI	2300	2305
133	PI	469
134	PI	469
135	PI	2281	2286
138	PI	2279	2284
141	PI	2277	2282
144	PI	2280	2285
147	PI	2278	2283
150	PI	528
151	PI	1863
152	PI	578
153	PI	1820
154	PI	1819
155	PI	1818
156	PI	1817
157	PI	1816
158	PI	1866
159	PI	1865
160	PI	1864
161	PI	1862
162	PI	494
163	PI	1781
164	PI	1798
165	PI	1797
166	PI	1796
167	PI	1795
168	PI	1794
169	PI	1793
170	PI	1782
171	PI	1858
172	PI	494
173	PI	1815
174	PI	1814
175	PI	1813
176	PI	1812
177	PI	1811
178	PI	1861
179	PI	1860
180	PI	1859
181	PI	1857
182	PI	575
183	PI	575
184	PI	528
185	PI	575
186	PI	575
187	PI	2924
188	PI	494
189	PI	2378
190	PI	2377
191	PI	2376
192	PI	2375
193	PI	2374
194	PI	2927
195	PI	2926
196	PI	2925
197	PI	2923
198	PI	2338
199	PI	494
200	PI	2917
201	PI	2916
202	PI	2915
203	PI	2914
204	PI	2913
205	PI	2341
206	PI	2340
207	PI	2339
208	PI	2337
209	PI	1957
210	PI	578
211	PI	1963
212	PI	1962
213	PI	1961
214	PI	1960
215	PI	1959
216	PI	1958
217	PI	2929
218	PI	578
219	PI	3009
220	PI	3008
221	PI	3007
222	PI	3006
223	PI	3005
224	PI	2932
225	PI	2931
226	PI	2930
227	PI	2928
228	PI	528
229	PI	2934
230	PI	578
231	PI	2922
232	PI	2921
233	PI	2920
234	PI	2919
235	PI	2918
236	PI	2937
237	PI	2936
238	PI	2935
239	PI	2933
240	PI	528
241	PI	11343
242	PI	11344
245	PI	11345
248	PI	11346
251	PI	11347
254	PI	11348
257	PI	11349
260	PI	11350
263	PI	11351
267	PI	11352
271	PI	11353
274	PI	11354
277	PI	11355
280	PI	11356
283	PI	11357
286	PI	11358
289	PI	11359
293	PI	11360
296	PI	11361
299	PI	11362
303	PI	11363
307	PI	11364
310	PI	11365
313	PI	11366
316	PI	11367
319	PI	11368
322	PI	11369
325	PI	11370
328	PI	11371
331	PI	11372
334	PI	11373
337	PI	11374
340	PI	11375
343	PI	11376
346	PI	11377
349	PI	11378
352	PI	11379
355	PI	11380
358	PI	11381
361	PI	11382
364	PI	11383
367	PI	11384
382	PI	11385
387	BUFF	11386
388	BUFF	11387
467	NOT	881
469	AND	11388
478	BUFF	11389
482	BUFF	11390
484	BUFF	11391
486	BUFF	11392
489	BUFF	11393
492	BUFF	11394
494	AND	11395
501	BUFF	11396
505	BUFF	11397
507	BUFF	11398
509	BUFF	11399
511	BUFF	11400
513	BUFF	11401
515	BUFF	11402
517	BUFF	11403
519	BUFF	11404
528	AND	11405
535	BUFF	11406
537	BUFF	11407
539	BUFF	11408
541	BUFF	11409
543	BUFF	11410
545	BUFF	11411
547	BUFF	11412
549	BUFF	11413
551	BUFF	11414
553	BUFF	11415
556	BUFF	11416
559	BUFF	11417
561	BUFF	11418
563	BUFF	11419
565	BUFF	11420
567	BUFF	11421
569	BUFF	11422
571	BUFF	11423
573	BUFF	889	1116
575	AND	1109	1113
578	AND	11424
582	NOT	11425
585	NOT	881
590	BUFF	11426
593	NOT	11427
596	NOT	11428
599	NOT	11429
604	NOT	11430
609	NOT	11431
614	BUFF	11432
625	BUFF	11433
628	NAND	11434
632	NAND	11435
636	BUFF	11436
641	NOT	1028	3371	3566	3745
642	NOT	1989
643	BUFF	11437
644	NOT	11438
651	NOT	11439
657	BUFF	1799	1811	1812	1813	1814	1815
660	NOT	11440
666	NOT	11441
672	NOT	1995
673	NOT	1996
674	NOT	1992
676	BUFF	11442
682	BUFF	11443
688	AND	957
689	BUFF	11444
695	NOT	11445
700	NAND	11446
705	NOT	1029
706	NOT	2064
707	BUFF	11447
708	NOT	11448
715	NOT	3364	3712	3837
721	NOT	11449
727	NOT	3361	3670	3840
733	NOT	2069
734	NOT	11450
742	NOT	11451
748	NOT	2072
749	NOT	2073
750	BUFF	11452
758	NOT	3032
759	NOT	11453
762	NOT	11454
768	NOT	11455
774	NOT	11456
780	NOT	11457
786	NOT	11458
794	NOT	11459
800	NOT	11460
806	NOT	11461
812	NOT	3020
813	BUFF	11462
814	NOT	11463
821	NOT	6766	8117	8134
827	NOT	6762	6768	6769	6771	6772	6773	6775	6776	6777	6778	6779	6780	6781	7456	7474
833	NOT	11464
839	NOT	11465
845	NOT	6767	6770	6774	8114	8131
853	NOT	6762	6769	6772	6773	6776	6778	6779	6781	6782	6783	7450	7468
859	NOT	11466
865	NOT	11467
871	BUFF	11468
881	NAND	11469
882	NOT	11470
883	NOT	11471
884	NOT	11472
885	NOT	11473
886	AND	10647
887	AND	3122	3130	3134	3502	3510	10647
889	BUFF	11474
945	BUFF	11475
957	NOT	11476
1028	AND	1222
1029	NAND	11477
1109	AND	1489
1110	NAND	11478
1111	NOT	11479
1112	NAND	11480
1113	NAND	11481
1114	NOT	11482
1115	NOT	9740
1116	BUFF	11483
1119	BUFF	11484
1125	BUFF	11485
1132	BUFF	11486
1136	BUFF	11487
1141	BUFF	11488
1147	BUFF	11489
1154	BUFF	11490
1160	BUFF	11491
1167	AND	11492
1174	AND	3159
1175	BUFF	10839	10840
1182	BUFF	11493
1189	NOT	11494
1194	NOT	11495
1199	NOT	11496
1206	NOT	1119	1132	1141
1211	BUFF	11497
1218	NOT	11498
1222	NOT	11499
1227	BUFF	11500
1233	BUFF	11501
1240	BUFF	6803	8282	8864
1244	BUFF	8283	8863
1249	BUFF	6806	8282	8863
1256	BUFF	11502
1263	BUFF	6809	8284	8866
1270	BUFF	11503
1277	BUFF	11504
1284	BUFF	8274	8280
1287	BUFF	11505
1290	BUFF	11506
1293	BUFF	11507
1296	BUFF	8277	8283
1299	BUFF	11508
1302	BUFF	11509
1305	BUFF	11510
1308	BUFF	11511
1311	BUFF	11512
1314	BUFF	11513
1317	BUFF	11514
1320	BUFF	11515
1323	BUFF	11516
1326	BUFF	11517
1329	BUFF	11518
1332	BUFF	11519
1335	BUFF	11520
1338	BUFF	11521
1341	BUFF	11522
1344	BUFF	11523
1347	BUFF	11524
1350	BUFF	1851	1862	1863	1864	1865	1866
1353	BUFF	11525
1356	BUFF	11526
1359	BUFF	11527
1362	BUFF	11528
1365	BUFF	11529
1368	BUFF	11530
1371	BUFF	11531
1374	BUFF	11532
1377	BUFF	11533
1380	BUFF	11534
1383	BUFF	3369	3718	3819
1386	BUFF	11535
1389	BUFF	11536
1392	BUFF	11537
1395	BUFF	3366	3694	3831
1398	BUFF	11538
1401	BUFF	11539
1404	BUFF	11540
1407	BUFF	11541
1410	BUFF	11542
1413	BUFF	11543
1416	BUFF	11544
1419	BUFF	11545
1422	BUFF	11546
1425	BUFF	11547
1428	BUFF	11548
1431	BUFF	11549
1434	BUFF	11550
1437	BUFF	11551
1440	BUFF	11552
1443	BUFF	11553
1446	BUFF	11554
1449	BUFF	11555
1452	BUFF	11556
1455	BUFF	641	2364
1458	BUFF	11557
1461	BUFF	11558
1464	BUFF	1302	1323	1990	3114	3149	3515
1467	BUFF	11559
1470	BUFF	11560
1473	BUFF	11561
1476	BUFF	11562
1479	BUFF	11563
1482	BUFF	1293	1317	1993	3097	3137
1485	BUFF	11564
1489	NOT	11565
1490	BUFF	11566
1537	AND	11567
1551	AND	11568
1649	AND	4193
1703	BUFF	11569
1708	NOR	11570
1713	BUFF	11571
1721	NOR	11572
1758	BUFF	11573
1781	AND	11574
1782	AND	2239
1783	NOT	11575
1789	NOT	11576
1793	AND	2241
1794	AND	2242
1795	AND	2243	6867	6870	6871	6872	7533	7536
1796	AND	2244
1797	AND	2245
1798	AND	2246
1799	NOT	11577
1805	NOT	6867	6871	6872	6873	6874	6875	6876	6877	7539	7542
1811	AND	2247
1812	AND	2248
1813	AND	2249
1814	AND	2250
1815	AND	2251
1816	AND	2252	6870	8196	8200
1817	AND	2253
1818	AND	2254
1819	AND	2255
1820	AND	2256
1821	NOT	2107
1822	NOT	2108	6867	6872	6874	6875	6877	6878	6879	6880	7545	7548
1828	NOT	4463
1829	NOT	4465
1830	NOT	4469
1832	NOT	2111
1833	NOT	4471
1834	NOT	2112	6871	6873	6876	8204	8208
1835	NOT	2113
1839	NOT	2115
1840	NOT	4475
1841	NOT	4477	4817	6872	6874	6877	6878	6880
1842	NOT	4481
1843	NOT	4483
1845	NOT	11578
1851	NOT	11579
1857	AND	2793
1858	AND	2538
1859	AND	2542	6881	6884	6885	6886	6887	7414
1860	AND	2546
1861	AND	2550
1862	AND	2778
1863	AND	2554
1864	AND	2561
1865	AND	2567
1866	AND	2573
1867	NOT	4507
1868	NOT	4509
1869	NOT	4511	6881	6885	6886	6887	6888	6889	6890	7417	10287
1870	NOT	4513
1871	NOT	4515
1872	NOT	4517
1873	NOT	4519
1874	NOT	4521
1875	NOT	4523
1876	NOT	4525
1877	NOT	4527
1878	NOT	4529
1879	NOT	4531
1880	NOT	4533	6884	10406
1881	NOT	4535
1882	NOT	4537
1883	NOT	4539
1884	NOT	4541
1885	BUFF	6881	6886	6887	6889	6890	6891	6892	7420	10287	10288
1892	BUFF	11580
1899	BUFF	11581
1906	BUFF	11582
1913	NOT	11583
1919	BUFF	11584
1926	AND	2790
1927	AND	2604
1928	AND	2607
1929	AND	2611	6887	6890	6892	6893	10415
1930	AND	2615
1931	NOT	5944
1932	NOT	5946
1933	NOT	5948
1934	NOT	5950
1935	NOT	5952	8307	8878
1936	NOT	5954
1937	NOT	5956
1938	NOT	5958
1939	NOT	5967
1940	NOT	5969
1941	NOT	5971
1942	NOT	5973
1943	NOT	5975
1944	NOT	5977
1945	NOT	5979
1946	NOT	5989
1947	NOT	11585
1953	NOT	11586
1957	AND	2348	8878	10375
1958	AND	2349
1959	AND	2350
1960	AND	2351
1961	AND	2352
1962	AND	2353
1963	AND	2354
1965	NOT	2172
1966	AND	3379
1967	NOT	2357
1968	NOT	6060
1969	NOT	6062
1970	NOT	6064
1971	NOT	6066
1972	NOT	6068
1973	NOT	6070
1974	NOT	6072	10013	10014	10015	10057	10058	10059
1975	NOT	6074
1976	NOT	6076
1977	NOT	11587
1983	NOT	11588
1989	AND	2781
1990	AND	2654
1991	AND	2658
1992	AND	2662
1993	AND	2666
1994	AND	2670
1995	AND	2787
1996	AND	2784
1997	NOT	11589
2003	BUFF	11590
2010	AND	2688
2011	AND	2692
2012	AND	2696
2013	AND	2700
2014	AND	2704	10707	10708	10709	10710
2015	NOT	6103
2016	NOT	6105
2017	NOT	6107
2018	NOT	6109
2019	NOT	2287	2299	2300	2301	2302	2303	6111
2020	NOT	6113
2021	NOT	6115
2022	NOT	6117
2023	NOT	6119
2024	BUFF	11591
2031	BUFF	11592
2038	BUFF	11593
2045	BUFF	11594
2052	NOT	11595
2058	NOT	11596
2064	AND	2796
2065	AND	2729	4760	5049	5089
2066	AND	2733
2067	AND	2737
2068	AND	2741
2069	AND	2745	4759	5055	5104
2070	AND	2749
2071	AND	2753
2072	AND	2757
2073	AND	2761	4758	5052	5083
2074	BUFF	11597
2081	BUFF	4756	5058	5071
2086	BUFF	11598
2107	NAND	2257
2108	NAND	2257
2110	NOT	2268
2111	NAND	2523	4544	4576	4820	4847	4991
2112	NAND	2269
2113	NAND	2269
2114	NOT	2274
2115	NAND	2533
2117	NOT	2309	2321	2322	2323	2324	2325	3953
2171	NOT	2355	4639	4895	5036
2172	NAND	2650
2230	NOT	509	727	6192
2231	BUFF	11599
2235	BUFF	11600
2239	OR	513	734	2441
2240	OR	2442
2241	OR	1347	1362	2070	2446	3178	3221	3625	3658
2242	OR	2450
2243	OR	2454
2244	OR	2458
2245	OR	2775
2246	OR	2772
2247	OR	515	742	2462
2248	OR	2466
2249	OR	1332	1359	2071	2470	3173	3215
2250	OR	2474
2251	OR	2478
2252	OR	2482
2253	OR	517	604	748	2488
2254	OR	2496
2255	OR	2502
2256	OR	519	609	749	2508
2257	NAND	11601
2267	NOT	4467
2268	NAND	2523
2269	NAND	11602
2274	NAND	2533
2275	NOT	4479
2277	AND	2793
2278	AND	2538
2279	AND	2542	2933	2934	2935	2936	2937
2280	AND	2546
2281	AND	2550
2282	AND	2778
2283	AND	2554
2284	AND	2561
2285	AND	2567
2286	AND	2573
2287	NOT	11603
2293	NOT	11604
2299	AND	3247
2300	AND	3251
2301	AND	3255
2302	AND	3259
2303	AND	3263
2304	AND	3267
2305	AND	3273	3381	3807
2306	AND	3281
2307	AND	3287
2308	AND	3293	3813	3852	4766
2309	NOT	11605
2315	NOT	11606
2321	AND	3789
2322	AND	3299
2323	AND	3303	4570	4603	4841	4865	4976
2324	AND	3307
2325	AND	3311
2326	AND	3783
2327	AND	3315
2328	AND	3322
2329	AND	3328	4566	4597	4838	4862	4973
2330	AND	3334
2331	NOT	11607
2337	AND	2790
2338	AND	2604
2339	AND	2607
2340	AND	2611
2341	AND	2615
2342	AND	3786
2343	AND	3340	8333	8337	8338	8339	8660	8663
2344	AND	3343
2345	AND	3349
2346	AND	3355
2347	OR	2728
2348	OR	2619
2349	OR	2626
2350	OR	2632
2351	OR	2638
2352	OR	2644
2353	OR	2769
2354	OR	2766	8333	8338	8339	8340	8341	8342	8343	8344	8666	8669
2355	NAND	2650
2356	NOT	2653
2357	NAND	2988
2358	AND	2781
2359	AND	2654
2360	AND	2658
2361	AND	2662
2362	AND	2666
2363	AND	2670
2364	AND	2787
2365	AND	2784
2366	AND	2674	8337	9099	9103
2367	AND	2680
2368	NOT	11608
2374	AND	2688
2375	AND	2692
2376	AND	2696
2377	AND	2700
2378	AND	2704
2379	AND	3384
2380	AND	3390
2381	AND	3398
2382	AND	3404
2383	AND	3410
2384	NOT	8338	8340	8343	9107	9111
2390	NOT	11609
2396	AND	3891
2397	AND	3416
2398	AND	3420
2399	AND	3424
2400	AND	3428	8253	8333	8342	8346	10269
2401	AND	3432
2402	AND	3436
2403	AND	3440
2404	AND	3444
2405	AND	3448
2406	NOT	11610
2412	NOT	11611
2418	AND	3888
2419	AND	3885
2420	AND	3454	8349	8350	8351	8352	8353	8354	8598	9280	9285
2421	AND	3458
2422	AND	3462
2423	AND	3466
2424	AND	3470
2425	AND	3474
2426	AND	3478
2427	AND	3482
2428	AND	2796
2429	AND	2729
2430	AND	2733
2431	AND	2737	8348	9626
2432	AND	2741
2433	AND	2745
2434	AND	2749
2435	AND	2753
2436	AND	2757	8350	8351	8353	8354	8355	8356	8601	9280	9285	9286
2437	AND	2761
2441	AND	3080
2442	AND	11612
2446	AND	11613
2450	AND	11614
2454	AND	8351	8354	8356	8357	8604	9280	9285	9286	9287
2458	AND	11615
2462	AND	11616
2466	AND	11617
2470	AND	11618
2474	AND	11619
2478	AND	11620
2482	AND	11621
2488	AND	11622
2496	AND	11623
2502	AND	11624
2508	AND	9754	9767
2523	NAND	11625
2533	NAND	11626
2537	NOT	3955	10014	10058	10060
2538	OR	11627
2542	OR	11628
2546	OR	11629
2550	OR	11630
2554	OR	11631
2561	OR	11632
2567	OR	11633
2573	OR	11634
2604	OR	11635
2607	OR	11636
2611	OR	11637
2615	OR	11638
2619	AND	11639
2626	AND	11640
2632	AND	11641
2638	AND	11642
2644	AND	11643
2650	NAND	11644
2653	NAND	2988
2654	OR	11645
2658	OR	11646
2662	OR	11647
2666	OR	11648
2670	OR	8378	9149	9685
2674	OR	11649
2680	OR	11650
2688	OR	11651
2692	OR	11652
2696	OR	11653
2700	OR	11654
2704	OR	11655
2728	AND	3073
2729	OR	11656
2733	OR	11657
2737	OR	11658
2741	OR	11659
2745	OR	11660
2749	OR	9301	9579	9775
2753	OR	11661
2757	OR	9571	9779	10133
2761	OR	11662
2765	NOT	6194
2766	AND	11663
2769	AND	11664
2772	AND	11665
2775	AND	11666
2778	OR	11667
2781	OR	11668
2784	OR	9932	9935	11222
2787	OR	11669
2790	OR	11670
2793	OR	11671
2796	OR	11672
2866	AND	3126
2867	AND	4303
2868	AND	3507	10576	10577
2869	AND	3131
2878	AND	3159
2913	AND	3247
2914	AND	2352	2353	2354	3251
2915	AND	3255
2916	AND	3259
2917	AND	3263
2918	AND	3267
2919	AND	3273
2920	AND	3281
2921	AND	3287
2922	AND	3293
2923	AND	3789
2924	AND	3299
2925	AND	3303
2926	AND	3307
2927	AND	3311
2928	AND	3783
2929	AND	3315
2930	AND	3322
2931	AND	3328
2932	AND	3334
2933	AND	3114	3149	3499	3515	3530	3535	3786
2934	AND	3340
2935	AND	3343
2936	AND	3349
2937	AND	3355
2988	NAND	3375
3005	AND	3384
3006	AND	3390
3007	AND	3398
3008	AND	3404
3009	AND	3410	7063	7067
3020	AND	3891
3021	AND	3416
3022	AND	3420	8394	8404
3023	AND	3424
3024	AND	3428
3025	AND	3432
3026	AND	3436
3027	AND	3440
3028	AND	3444
3029	AND	3448
3032	AND	3888
3033	AND	3885
3034	AND	3454
3035	AND	3458	9734	9735	9790	10016	10017	10018	10019	10055	10056
3036	AND	3462
3037	AND	3466
3038	AND	3470
3039	AND	3474
3040	AND	3478
3041	AND	3482
3061	BUFF	11673
3064	BUFF	11674
3067	BUFF	11675
3070	BUFF	11676
3073	NOT	11677
3080	NOT	11678
3096	AND	7609
3097	AND	11679
3101	AND	11680
3107	AND	11681
3114	AND	11682
3122	AND	11683
3126	OR	11684
3130	AND	4303
3131	OR	9581	9786	10548
3134	AND	4784
3135	NOT	10588
3136	AND	7620	9332	10295
3137	AND	11685
3140	AND	11686
3144	AND	11687
3149	AND	11688
3155	AND	11689
3159	OR	11690
3167	NOT	4502
3168	AND	7649
3169	AND	11691
3173	AND	11692
3178	AND	11693
3184	AND	7655
3185	AND	11694
3189	AND	11695
3195	AND	7100	7105	7106
3202	AND	11696
3210	AND	7668
3211	AND	11697
3215	AND	11698
3221	AND	11699
3228	AND	7671	8421	10234
3229	AND	11700
3232	AND	11701
3236	AND	11702
3241	AND	11703
3247	OR	11704
3251	OR	11705
3255	OR	11706
3259	OR	10102	10103
3263	OR	11707
3267	OR	11708
3273	OR	11709
3281	OR	11710
3287	OR	11711
3293	OR	11712
3299	OR	11713
3303	OR	11714
3307	OR	11715
3311	OR	11716
3315	OR	11717
3322	OR	11718
3328	OR	11719
3334	OR	11720
3340	OR	11721
3343	OR	11722
3349	OR	11723
3355	OR	11724
3361	AND	7825
3362	AND	7060
3363	AND	7061
3364	AND	7062
3365	AND	7826	8444	8448	8449	8450	8451	8452	8453	8586	10594
3366	AND	7064
3367	AND	7065
3368	AND	7066
3369	AND	7067
3370	AND	7852
3371	AND	7103
3372	AND	7104
3373	AND	7105
3374	AND	7106
3375	AND	11725
3379	AND	4193
3380	NOT	4694
3381	AND	8444	8449	8450	8452	8453	8454	8455	8589	10594	10595
3384	OR	11726
3390	OR	11727
3398	OR	11728
3404	OR	11729
3410	OR	8449	8452	8454	10665
3416	OR	11730
3420	OR	11731
3424	OR	11732
3428	OR	11733
3432	OR	11734
3436	OR	11735
3440	OR	11736
3444	OR	11737
3448	OR	11738
3452	NOT	4746
3453	NOT	4751	9591	10652
3454	OR	11739
3458	OR	11740
3462	OR	11741
3466	OR	10014	10015	10058	10059	10060	10061
3470	OR	11742
3474	OR	11743
3478	OR	11744
3482	OR	11745
3486	NOT	4776
3487	BUFF	11746
3490	BUFF	11747
3493	BUFF	11748
3496	BUFF	11749
3499	BUFF	11750
3502	BUFF	11751
3507	NOR	11752
3510	BUFF	11753
3515	NOR	11754
3518	BUFF	11755
3521	BUFF	11756
3524	BUFF	11757
3527	BUFF	8457	9369	9603
3530	BUFF	11758
3535	BUFF	11759
3539	BUFF	11760
3542	BUFF	11761
3545	BUFF	8471	8474
3548	BUFF	11762
3551	NOT	4326
3552	NOT	4327
3553	BUFF	11763
3557	BUFF	11764
3560	BUFF	11765
3563	BUFF	9372	9605
3566	BUFF	11766
3569	NOT	4333
3570	NOT	4334
3571	BUFF	8469	8483
3574	BUFF	11767
3577	BUFF	11768
3580	BUFF	11769
3583	BUFF	9364	9370
3586	BUFF	11770
3589	BUFF	11771
3592	BUFF	11772
3595	BUFF	11773
3598	BUFF	11774
3601	BUFF	11775
3604	BUFF	11776
3607	BUFF	11777
3610	BUFF	11778
3613	BUFF	11779
3616	BUFF	11780
3619	BUFF	11781
3622	BUFF	1977	1989	1990	1991	1992	1993
3625	NOR	11782
3628	NOR	11783
3631	BUFF	11784
3634	BUFF	11785
3637	BUFF	11786
3640	BUFF	11787
3643	BUFF	11788
3646	BUFF	11789
3649	BUFF	11790
3652	BUFF	11791
3655	BUFF	11792
3658	NOR	11793
3661	BUFF	11794
3664	BUFF	11795
3667	BUFF	3374	3760	3766
3670	BUFF	3373	3754	3772
3673	BUFF	3372	3748	3769
3676	BUFF	3371	3742	3778
3679	BUFF	3370	3736	3775
3682	BUFF	3661	3664	5960	5981	6217
3685	BUFF	11796
3688	BUFF	11797
3691	BUFF	11798
3694	BUFF	11799
3697	BUFF	11800
3700	BUFF	11801
3703	BUFF	2366	3033
3706	BUFF	11802
3709	BUFF	11803
3712	BUFF	11804
3715	BUFF	11805
3718	BUFF	11806
3721	BUFF	11807
3724	BUFF	11808
3727	BUFF	11809
3730	BUFF	11810
3733	BUFF	11811
3736	BUFF	11812
3739	BUFF	1386	1410	3039	4549	4581
3742	BUFF	11813
3745	BUFF	1383	1407	3040	4545	4577
3748	BUFF	11814
3751	BUFF	1380	1404	3041	4544	4576
3754	BUFF	11815
3757	BUFF	11816
3760	BUFF	11817
3763	BUFF	11818
3766	BUFF	11819
3769	BUFF	11820
3772	BUFF	11821
3775	BUFF	3005	3006	3007	3008	3009
3778	BUFF	11822
3781	NOT	4411
3782	NOT	4412
3783	OR	11823
3786	OR	11824
3789	OR	11825
3792	BUFF	11826
3795	BUFF	11827
3798	BUFF	11828
3801	BUFF	3730	3792	4637
3804	BUFF	3733	3798	4635
3807	BUFF	3727	3795	4634
3810	BUFF	3724	3804	4632
3813	BUFF	3721	3801	4630
3816	BUFF	4674	4717	4925	4952	5009
3819	BUFF	11829
3822	BUFF	11830
3825	BUFF	11831
3828	BUFF	4661	4706	4919	4958	5006
3831	BUFF	11832
3834	BUFF	11833
3837	BUFF	11834
3840	BUFF	11835
3843	BUFF	11836
3846	BUFF	11837
3849	BUFF	11838
3852	BUFF	11839
3855	BUFF	11840
3858	BUFF	11841
3861	BUFF	11842
3864	BUFF	11843
3867	BUFF	11844
3870	BUFF	11845
3873	BUFF	11846
3876	BUFF	11847
3879	BUFF	11848
3882	BUFF	11849
3885	OR	8489	8491	8494	8996
3888	OR	11850
3891	OR	6232	8490	8492	8495	8496
3953	NAND	5177
3954	NOT	4487
3955	NAND	5178
3956	NOT	4488
3958	NOT	4490
3964	NOT	4496
4193	OR	9397	9613
4303	OR	11851
4308	NOT	8541	8547	10212
4313	NOT	10213
4326	NAND	4803
4327	NAND	4803	8548	8552	8553	8554
4333	NAND	4806
4334	NAND	4806
4411	NAND	4997
4412	NAND	1449	1473	3024	4675	4718	4997
4463	NAND	5632
4464	NOT	3037	3038	3039	3040	3041	5167
4465	NAND	5640
4466	NOT	5168
4467	NAND	5654
4468	NOT	5169
4469	NAND	5670
4470	NOT	5170
4471	NAND	5683
4472	NOT	5171
4473	NOT	5166
4474	NOT	5166
4475	NAND	5690
4476	NOT	5172
4477	NAND	5697
4478	NOT	5173
4479	NAND	5707
4480	NOT	5174
4481	NAND	5718
4482	NOT	5175
4483	NAND	5728
4484	NOT	5176
4485	NOT	5165
4486	NOT	5165
4487	NAND	5177
4488	NAND	5178
4489	NOT	5179
4490	NAND	4766	5098	5117	5736
4491	NOT	5180
4492	NOT	5181
4493	NOT	4764	5095	5114	5182
4494	NOT	5183
4495	NOT	5184
4496	NAND	4762	5092	5123	5747
4497	NOT	5185
4498	NOT	5186
4499	NOT	4760	5086	5120	5187
4500	NOT	5188
4501	NOT	5189
4502	NAND	4759	5101	5129	5758
4503	NOT	5190
4504	NOT	5191
4505	NOT	4758	5080	5126	5192
4506	NOT	5193
4507	NAND	5771
4508	NOT	4757	5074	5135	5196
4509	NAND	5778
4510	NOT	5197
4511	NAND	4756	5068	5132	5789
4512	NOT	5198
4513	NAND	5799
4514	NOT	883	886	5199
4515	NAND	5807
4516	NOT	5200
4517	NAND	5821
4518	NOT	5201
4519	NAND	5837
4520	NOT	5202
4521	NAND	5850
4522	NOT	5203
4523	NAND	5856
4524	NOT	5204	10575	10577
4525	NAND	5863
4526	NOT	750	871	5205	9285	9286	9287	9288	9767	9773	10015	10022	10041	10043	10059	10061
4527	NAND	5870
4528	NOT	688	700	1028	1029	5206
4529	NAND	5881
4530	NOT	5207
4531	NAND	5892	7378	8578	9054
4532	NOT	5208
4533	NAND	5898
4534	NOT	5209
4535	NAND	5905	8579	9053
4536	NOT	5210
4537	NAND	5915
4538	NOT	5211
4539	NAND	5926
4540	NOT	5212	7381	8578	9053
4541	NAND	5936
4542	NOT	5213
4543	NOT	8322
4544	AND	8579	8898	9054
4545	AND	11852
4549	AND	7405	7408
4555	AND	11853
4562	AND	8902
4563	AND	8555	9419	9621
4566	AND	11854
4570	AND	11855
4575	NOT	6967
4576	AND	8920
4577	AND	8558	9421	9624
4581	AND	9422	9623
4586	AND	8561	9421	9623
4592	AND	8927
4593	AND	11856
4597	AND	11857
4603	AND	11858
4610	NOT	7055	9414	9420
4611	NOT	5283
4612	NOT	5284
4613	NOT	5285
4614	NOT	5286	9415	9421
4615	NOT	5287
4616	NOT	5288
4617	NOT	5289
4618	NOT	5290	9416	9422
4619	NOT	5291
4620	NOT	5292
4621	NOT	5293
4622	NOT	5294
4623	NOT	5295
4624	NOT	5296
4625	NOT	5297
4626	NOT	5298
4627	NOT	5299
4628	NOT	5300
4629	NOT	6024
4630	AND	8950
4631	NOT	6026
4632	AND	8409
4633	NOT	6028
4634	AND	8410
4635	AND	8411
4636	NOT	6030
4637	AND	8956
4638	AND	8415
4639	AND	8416
4640	AND	2052	2064	2065	2066	2067	2068	8417
4641	AND	8418
4642	NOT	6038
4643	NOT	5314
4644	NOT	5315
4645	NOT	5316
4646	NOT	5317
4647	NOT	2428	2429	2430	2431	2432	5318
4648	NOT	5319
4649	NOT	5320
4650	NOT	5321
4651	NOT	5322
4652	NOT	5323
4653	NOT	2058	2069	2070	2071	2072	2073	5631
4656	AND	8963
4657	AND	11859
4661	AND	11860
4667	AND	11861
4674	AND	8966
4675	AND	11862
4678	AND	11863
4682	AND	11864
4687	AND	11865
4693	NOT	5363
4694	NAND	6079
4695	NOT	3366	3691	3870	5364
4696	NOT	5365
4697	NOT	5366
4698	NOT	3365	3685	3867	5367
4699	NOT	6091
4700	NOT	6097
4701	AND	3364	3709	3876	8995
4702	AND	11866
4706	AND	11867
4711	AND	11868
4717	AND	9001
4718	AND	11869
4722	AND	11870
4728	AND	11871
4735	AND	11872
4743	NOT	6122
4744	NOT	6125
4745	NOT	5425	10563	10564
4746	NAND	6127
4747	NOT	5426
4748	NOT	5427	8246	10640
4749	NOT	6136
4750	NOT	5429
4751	NAND	6137
4752	NOT	5430
4753	NOT	5431	10465	10466
4754	NOT	5432
4755	NOT	5433
4756	AND	8247	9029	10565
4757	AND	8545
4758	AND	8546
4759	AND	8547
4760	AND	9035
4761	NOT	6157	10566	10567
4762	AND	8551
4763	NOT	6159
4764	AND	8248	8552	10642
4765	NOT	6161
4766	AND	8553
4767	AND	8554
4768	NOT	6164
4769	AND	10568	10569
4775	NOT	5451
4776	NAND	6166
4777	NOT	5452	10570	10571
4778	NOT	5453
4779	NOT	5454
4780	NOT	5455	8250	10644
4781	NOT	5456
4782	NOT	5457
4783	NOT	6186
4784	OR	11873
4789	NOT	9836
4790	NOT	11874
4793	NOT	8610	10719	10720
4794	NOT	9838
4795	NOT	9067
4796	BUFF	9244	10764
4799	NOT	5474
4800	NOT	5475
4801	NOT	5476	10769	10770
4802	NOT	5477
4803	NAND	11875
4806	NAND	11876
4809	NOT	9660	10771	10772
4810	BUFF	11877
4813	NOT	9088
4814	BUFF	11878
4817	BUFF	10773	10774
4820	BUFF	9247	10834
4823	BUFF	11879
4826	BUFF	11880
4829	BUFF	11881
4832	BUFF	11882
4835	BUFF	11883
4838	BUFF	11884
4841	BUFF	9897	9898
4844	NOR	9249	10032
4847	BUFF	11885
4850	BUFF	11886
4853	BUFF	11887
4856	BUFF	11888
4859	BUFF	11889
4862	BUFF	11890
4865	BUFF	9903	9904
4868	BUFF	9252	10035
4871	NOR	11891
4874	BUFF	11892
4877	BUFF	11893
4880	BUFF	11894
4883	BUFF	11895
4886	BUFF	11896
4889	BUFF	1829	5168
4892	BUFF	4465	4466
4895	BUFF	11897
4898	BUFF	11898
4901	BUFF	11899
4904	BUFF	11900
4907	BUFF	11901
4910	BUFF	11902
4913	BUFF	2110	2111
4916	BUFF	1832	2268
4919	BUFF	11903
4922	BUFF	11904
4925	BUFF	11905
4928	BUFF	11906
4931	BUFF	11907
4934	BUFF	11908
4937	BUFF	11909
4940	NOR	11910
4943	BUFF	11911
4946	BUFF	11912
4949	BUFF	9835	9836
4952	BUFF	4789	9955
4955	BUFF	11913
4958	BUFF	11914
4961	BUFF	11915
4964	BUFF	11916
4967	BUFF	11917
4970	BUFF	2765	6712
4973	BUFF	6193	6194
4976	BUFF	11918
4979	BUFF	11919
4982	BUFF	11920
4985	BUFF	11921
4988	BUFF	11922
4991	BUFF	11923
4994	BUFF	11924
4997	NAND	11925
5000	BUFF	10213	10242
5003	BUFF	4313	10272
5006	BUFF	11926
5009	BUFF	11927
5012	BUFF	11928
5015	BUFF	11929
5018	BUFF	11930
5021	BUFF	9957	9958
5024	BUFF	9645	10076
5027	NOR	11931
5030	NOR	11932
5033	BUFF	11933
5036	BUFF	11934
5039	BUFF	11935
5042	BUFF	11936
5045	NOT	5571
5046	NOT	5572
5047	NOT	5573
5048	NOT	5574
5049	BUFF	11937
5052	BUFF	11938
5055	BUFF	11939
5058	BUFF	11940
5061	BUFF	10988	10989
5064	NOT	5584	8617	11023
5065	NOT	5585
5066	NOT	5586
5067	NOT	5587
5068	BUFF	11941
5071	BUFF	11114	11115
5074	BUFF	8618	11141
5077	BUFF	11942
5080	BUFF	11943
5083	BUFF	11944
5086	BUFF	11945
5089	BUFF	11946
5092	BUFF	11947
5095	BUFF	11948
5098	BUFF	11949
5101	BUFF	11950
5104	BUFF	11951
5107	BUFF	11952
5110	NOT	5602
5111	NOT	5603
5112	NOT	5604	9649	10077
5113	NOT	5605
5114	BUFF	11953
5117	BUFF	11954
5120	BUFF	11955
5123	BUFF	11956
5126	BUFF	11957
5129	BUFF	10673	10674
5132	BUFF	8624	10738
5135	BUFF	11958
5138	BUFF	11959
5141	BUFF	11960
5144	BUFF	11961
5147	BUFF	11962
5150	BUFF	11963
5153	BUFF	11964
5156	BUFF	11965
5159	BUFF	11116	11117
5162	BUFF	8619	11142
5165	NAND	10549
5166	NAND	10631
5167	NAND	5632	10836	11321
5168	NAND	5640
5169	NAND	5654
5170	NAND	5670	11313	11314
5171	NAND	5683
5172	NAND	5690
5173	NAND	5697
5174	NAND	5707
5175	NAND	1834	2113	5718
5176	NAND	5728
5177	NAND	5735
5178	NAND	1835	2112	10730
5179	NAND	5736
5180	NAND	5740
5181	NAND	5740
5182	NAND	5744
5183	NAND	2114	2115	5744
5184	NAND	5747
5185	NAND	5751
5186	NAND	1839	2274	5751
5187	NAND	5755
5188	NAND	5755
5189	NAND	5758
5190	NAND	5762
5191	NAND	1840	5172	5762
5192	NAND	5766
5193	NAND	5766
5196	NAND	5771
5197	NAND	5778
5198	NAND	5789
5199	NAND	1841	5173	5799
5200	NAND	5807
5201	NAND	5821
5202	NAND	4477	4478	5837
5203	NAND	5850
5204	NAND	5856
5205	NAND	5863
5206	NAND	5870
5207	NAND	2275	5174	5881
5208	NAND	5892
5209	NAND	5898
5210	NAND	4479	4480	5905
5211	NAND	5915
5212	NAND	5926
5213	NAND	5936
5283	NAND	5991
5284	NAND	3964	5184	5991
5285	NAND	5996
5286	NAND	5996
5287	NAND	6000
5288	NAND	6000
5289	NAND	4497	5186	6003
5290	NAND	6003
5291	NAND	6009
5292	NAND	4498	5185	6009
5293	NAND	6014
5294	NAND	6014
5295	NAND	6018
5296	NAND	6018
5297	NAND	4499	5188	6021
5298	NAND	6021
5299	NAND	6022
5300	NAND	4500	5187	6022
5314	NAND	6041
5315	NAND	4501	4502	6041
5316	NAND	6047
5317	NAND	6047
5318	NAND	3167	5189	6052
5319	NAND	6052
5320	NAND	6056
5321	NAND	6056
5322	NAND	6059
5323	NAND	4503	5191	6059
5324	NOT	5631
5363	NAND	6079
5364	NAND	6083
5365	NAND	6083
5366	NAND	6087
5367	NAND	6087
5425	NAND	1871	5200	6127
5426	NAND	6131
5427	NAND	6131
5429	NAND	6137
5430	NAND	6141
5431	NAND	6141
5432	NAND	6145
5433	NAND	1872	5201	6145
5451	NAND	6166
5452	NAND	4521	4522	6170
5453	NAND	6170
5454	NAND	6174
5455	NAND	6174
5456	NAND	6177
5457	NAND	1875	5204	6177
5469	NOT	8608
5474	NAND	6199
5475	NAND	6199	10176	10177
5476	NAND	6196
5477	NAND	6196
5571	NAND	6246
5572	NAND	6246
5573	NAND	6243	11042	11043
5574	NAND	6243
5584	NAND	6252	9087	9088
5585	NAND	6252
5586	NAND	6249
5587	NAND	6249
5602	NAND	6266
5603	NAND	6266
5604	NAND	6263	9092	10437
5605	NAND	6263
5631	NAND	10546	10998	10999
5632	NAND	11966
5640	NAND	11967
5654	NAND	8296	11244
5670	NAND	11968
5683	NAND	11969
5690	NAND	11970
5697	NAND	11971
5707	NAND	11972
5718	NAND	11973
5728	NAND	11974
5735	NOT	10587
5736	NAND	11975
5740	NAND	11312	11315
5744	NAND	11976
5747	NAND	11977
5751	NAND	11978
5755	NAND	11979
5758	NAND	11980
5762	NAND	11981
5766	NAND	11982
5769	NOT	1879	5208	9907
5770	NOT	9909
5771	NAND	11983
5778	NAND	11984
5789	NAND	11985
5799	NAND	11986
5807	NAND	11987
5821	NAND	11988
5837	NAND	11989
5850	NAND	11990
5856	NAND	11991
5863	NAND	11992
5870	NAND	11993
5881	NAND	1933	6542
5892	NAND	5950	5951
5898	NAND	11994
5905	NAND	1936	6545
5915	NAND	11995
5926	NAND	11996
5936	NAND	11997
5943	NOT	8324
5944	NAND	6894
5945	NOT	6540	9563	9564
5946	NAND	6901
5947	NOT	6541
5948	NAND	6912	9292	9763
5949	NOT	6542
5950	NAND	6923
5951	NOT	6543
5952	NAND	6929
5953	NOT	6544	9565	9566
5954	NAND	6936
5955	NOT	6545
5956	NAND	6946	9294	9764
5957	NOT	6546
5958	NAND	6957
5959	NOT	6547
5960	AND	11998
5966	NOT	9297
5967	NAND	6970
5968	NOT	6555
5969	NAND	5966	6977	9569
5970	NOT	6556
5971	NAND	6988
5972	NOT	6557	9297	9298
5973	NAND	6998
5974	NOT	6558
5975	NAND	7006
5976	NOT	6559
5977	NAND	6969	7020	9570
5978	NOT	6560
5979	NAND	7036
5980	NOT	6561	9299	9300
5981	AND	11999
5989	NAND	7049
5990	NOT	6569
5991	NAND	12000
5996	NAND	5969	5970
6000	NAND	12001
6003	NAND	12002
6009	NAND	1942	6558
6014	NAND	12003
6018	NAND	12004
6021	NAND	7057
6022	NAND	7063
6023	NOT	6594
6024	NAND	7068
6025	NOT	1944	6560	6595
6026	NAND	7073
6027	NOT	6596
6028	NAND	5977	5978	7077
6029	NOT	6597
6030	NAND	7080
6031	NOT	6598
6032	NOT	6599
6033	NOT	1945	6561	6600
6034	NOT	6601
6035	NOT	6602
6036	NOT	5979	5980	6603
6037	NOT	6604
6038	NAND	7098
6039	NOT	6605
6040	NOT	6606
6041	NAND	1946	6569
6047	NAND	12005
6052	NAND	7055	7056
6056	NAND	12006
6059	NAND	7100
6060	NAND	7107	9971	9972
6061	NOT	6621
6062	NAND	7114
6063	NOT	6622
6064	NAND	7125
6065	NOT	6623
6066	NAND	7136
6067	NOT	6624	10328	10329
6068	NAND	7142
6069	NOT	6625
6070	NAND	7149	9674	10439
6071	NOT	6626
6072	NAND	7159
6073	NOT	6627
6074	NAND	7170
6075	NOT	6628
6076	NAND	7180
6077	NOT	6629	10685	10686
6078	NOT	9359
6079	NAND	12007
6083	NAND	12008
6087	NAND	10886	10887
6090	NOT	6639	9455	10917
6091	NAND	7194
6092	NOT	6640
6093	NOT	6641
6094	NOT	6642
6095	NOT	6643
6096	NOT	6644
6097	NAND	7205	11002	11003
6098	NOT	6645
6099	NOT	6646
6100	NOT	6647	9456	11029
6101	NOT	6648
6102	NOT	9948
6103	NAND	7222
6104	NOT	6649
6105	NAND	7229
6106	NOT	6650
6107	NAND	7240	11106	11107
6108	NOT	6651
6109	NAND	7250
6110	NOT	6652	9319	11137
6111	NAND	7258
6112	NOT	6653
6113	NAND	7272
6114	NOT	6654
6115	NAND	7288	7551	10085
6116	NOT	6655
6117	NAND	7301
6118	NOT	6656	9973	9974
6119	NAND	7307
6120	NOT	6657
6121	NOT	6658
6122	NAND	7314
6123	NOT	6659
6124	NOT	6660
6125	NAND	7322	10330	10331
6126	NOT	6661
6127	NAND	12009
6131	NAND	12010
6135	NOT	6668	10687	10688
6136	NAND	7331
6137	NAND	12011
6141	NAND	12012
6145	NAND	10888	10889
6148	NOT	6677	9460	10918
6149	NOT	6678
6150	NOT	6679
6151	NOT	6680
6152	NOT	6681
6153	NOT	6682
6154	NOT	6683
6155	NOT	6684	11004	11005
6156	NOT	6685
6157	NAND	7364
6158	NOT	6686	9461	11030
6159	NAND	7369
6160	NOT	6687
6161	NAND	7373
6162	NOT	6688
6163	NOT	6689
6164	NAND	7377
6165	NOT	6690	11108	11109
6166	NAND	12013
6170	NAND	12014
6174	NAND	12015
6177	NAND	12016
6181	NOT	6702
6182	NOT	6703
6183	NOT	6704	10332	10333
6184	NOT	6705
6185	NOT	6706
6186	NAND	7394	9977	10441
6187	NOT	6707
6188	NOT	6708
6189	NOT	6709
6190	NOT	6710
6191	NOT	6711
6192	NAND	7441
6193	NOT	6712	10689	10690
6194	NAND	7444
6195	NOT	9073
6196	NAND	9978	10750
6199	NAND	12017
6202	NOT	9662
6203	NOT	9094	10890	10891
6204	BUFF	12018
6207	BUFF	12019
6210	BUFF	12020
6213	NOT	9972	11006	11007
6214	BUFF	12021
6217	NOR	12022
6220	BUFF	12023
6223	NOT	6729	11122	11123
6224	NOT	6730
6225	NOT	6731
6226	NOT	6732	9466	11145
6227	NOT	6733
6228	NOT	6734
6229	NOT	6735
6230	NOT	6736
6231	NOT	9996
6232	BUFF	12024
6235	NOT	9716
6236	BUFF	9467	11250
6239	NOT	6741
6240	NOT	6742
6241	NOT	6743
6242	NOT	6744
6243	NAND	11290	11291
6246	NAND	9321	11295
6249	NAND	12025
6252	NAND	12026
6255	NOT	6751
6256	NOT	6752	9322	11282
6257	NOT	6753
6258	NOT	6754
6259	NOT	6755
6260	NOT	6756
6261	NOT	6757	8717	9863
6262	NOT	6758
6263	NAND	12027
6266	NAND	12028
6540	NAND	6894
6541	NAND	6901
6542	NAND	6912
6543	NAND	4649	5321	6923
6544	NAND	6929
6545	NAND	6936
6546	NAND	4650	5320	6946
6547	NAND	6957
6555	NAND	6970
6556	NAND	6977
6557	NAND	6988
6558	NAND	6998
6559	NAND	4651	5323	7006
6560	NAND	7020
6561	NAND	7036
6569	NAND	7049
6594	NAND	6066	6067	7068
6595	NAND	7073
6596	NAND	7077
6597	NAND	7080
6598	NAND	7086
6599	NAND	1972	6625	7086
6600	NAND	7091
6601	NAND	7091
6602	NAND	6068	6069	7095
6603	NAND	7095
6604	NAND	7098
6605	NAND	7099
6606	NAND	7099
6621	NAND	7107
6622	NAND	7114
6623	NAND	1975	6628	7125
6624	NAND	7136
6625	NAND	7142
6626	NAND	6074	6075	7149
6627	NAND	7159
6628	NAND	7170
6629	NAND	7180
6639	NAND	7194	9592	9593
6640	NAND	7198
6641	NAND	7198
6642	NAND	7202	9352	9795
6643	NAND	7202
6644	NAND	7205
6645	NAND	7209
6646	NAND	7209
6647	NAND	7213	9594	9595
6648	NAND	7213
6649	NAND	7222
6650	NAND	7229	9354	9796
6651	NAND	7240
6652	NAND	7250
6653	NAND	7258
6654	NAND	7272
6655	NAND	7288	9596	9597
6656	NAND	7301
6657	NAND	7307
6658	NAND	7314	9356	9797
6659	NAND	7318
6660	NAND	7318
6661	NAND	7322
6668	NAND	7331
6677	NAND	7346
6678	NAND	7346
6679	NAND	7187	7351	9601
6680	NAND	7351
6681	NAND	7355
6682	NAND	7355	9361	9362
6683	NAND	7358
6684	NAND	7358
6685	NAND	7364
6686	NAND	7369
6687	NAND	4693	4694	7373
6688	NAND	7376
6689	NAND	7376
6690	NAND	3380	5363	7377
6702	NAND	7387
6703	NAND	4697	5367	7387
6704	NAND	7391
6705	NAND	7391
6706	NAND	4698	5366	7394
6707	NAND	7398
6708	NAND	7398
6709	NAND	7402
6710	NAND	7402
6711	NAND	3781	4412	7441
6712	NAND	7444
6729	NAND	6092	6641	7563
6730	NAND	7563
6731	NAND	7560
6732	NAND	6093	6640	7560
6733	NAND	7569
6734	NAND	7569
6735	NAND	7566
6736	NAND	7566
6741	NAND	7577
6742	NAND	7577
6743	NAND	7574
6744	NAND	7574
6751	NAND	7585
6752	NAND	7585
6753	NAND	7582
6754	NAND	7582
6755	NAND	6225	6732	7591
6756	NAND	7591
6757	NAND	7588
6758	NAND	6226	6731	7588
6761	NOT	10556
6762	AND	12029
6766	AND	7609
6767	AND	7609
6768	AND	4700	6644	7609
6769	AND	7609
6770	AND	8117
6771	AND	8117
6772	AND	8117
6773	AND	6098	6646	8117
6774	AND	8134
6775	AND	8134
6776	AND	6099	6645	8134
6777	AND	8114
6778	AND	8114
6779	AND	8114
6780	AND	8131
6781	AND	6100	6648	8131
6782	AND	7613
6783	AND	9068
6784	AND	6101	6647
6787	AND	7620
6788	AND	7620
6789	AND	6227	6734	7620
6790	AND	7620
6791	AND	10419
6792	AND	6228	6733	10419
6793	AND	10419
6794	AND	10422
6795	AND	10422
6796	AND	10425
6797	NOT	12030
6800	NOT	12031
6803	NOT	12032
6806	NOT	12033
6809	NOT	8753	9180
6812	NOT	8754	9179
6815	BUFF	12034
6818	BUFF	12035
6821	BUFF	12036
6824	BUFF	12037
6827	BUFF	12038
6830	BUFF	12039
6833	AND	12040
6836	AND	7649
6837	AND	7649	10156	10157
6838	AND	7649
6839	AND	8146
6840	AND	8146	9805	10237
6841	AND	8146
6842	AND	8156
6843	AND	8156
6844	AND	7650
6845	AND	10158	10159
6848	AND	7655	9806	10238
6849	AND	7655
6850	AND	7655
6851	AND	7655
6852	AND	8169
6853	AND	2015	6649	8169
6854	AND	8169
6855	AND	8169
6856	AND	6103	6104	8186
6857	AND	8186
6858	AND	8186
6859	AND	8166
6860	AND	8166
6861	AND	2016	6650	8166
6862	AND	8183
6863	AND	8183
6864	AND	6105	6106	7659
6865	AND	9079
6866	AND	9089
6867	AND	12041
6870	AND	7668
6871	AND	7668
6872	AND	6107	6108	7668
6873	AND	8196
6874	AND	8196
6875	AND	8196
6876	AND	8200
6877	AND	2018	6652	8200
6878	AND	8204
6879	AND	8204
6880	AND	6109	6110	8208
6881	AND	12042
6884	AND	7671
6885	AND	2019	6653	7671
6886	AND	7671
6887	AND	7671
6888	AND	6111	6112	10406
6889	AND	10406
6890	AND	10406
6891	AND	10409
6892	AND	10409
6893	AND	2020	6654	10412
6894	NAND	12043
6901	NAND	2021	6655
6912	NAND	6117	6118
6923	NAND	12044
6929	NAND	12045
6936	NAND	12046
6946	NAND	12047
6957	NAND	12048
6967	NAND	8326
6968	NOT	7744	9495	11034
6969	NOT	9299
6970	NAND	12049
6977	NAND	12050
6988	NAND	12051
6998	NAND	12052
7006	NAND	9498	10754
7020	NAND	12053
7036	NAND	9382	11140
7049	NAND	12054
7055	NAND	8358
7056	NOT	7822
7057	AND	12055
7060	AND	7825
7061	AND	7825	10542	10543
7062	AND	7825
7063	AND	8394
7064	AND	7826	9720	10626
7065	AND	7826
7066	AND	7826
7067	AND	7826
7068	NAND	12056
7073	NAND	12057
7077	NAND	12058
7080	NAND	12059
7086	NAND	12060
7091	NAND	11073	11074
7095	NAND	12061
7098	NAND	8405
7099	NAND	8412
7100	AND	12062
7103	AND	7852
7104	AND	7852	9508	11211
7105	AND	7852
7106	AND	7852
7107	NAND	12063
7114	NAND	9383	11284
7125	NAND	12064
7136	NAND	12065
7142	NAND	10006	10265
7149	NAND	10544	10545
7159	NAND	10825	10826
7170	NAND	12066
7180	NAND	12067
7187	NOT	9361
7188	NOT	12068
7191	NOT	12069
7194	NAND	12070
7198	NAND	12071
7202	NAND	12072
7205	NAND	6121	6122
7209	NAND	12073
7213	NAND	6123	6660
7216	BUFF	6124	6659
7219	BUFF	12074
7222	NAND	12075
7229	NAND	5045	5572
7240	NAND	12076
7250	NAND	12077
7258	NAND	12078
7272	NAND	12079
7288	NAND	12080
7301	NAND	4752	5431
7307	NAND	12081
7314	NAND	12082
7318	NAND	12083
7322	NAND	12084
7325	NOT	12085
7328	NOT	12086
7331	NAND	12087
7334	NOT	12088
7337	NOT	7558	8219
7340	BUFF	7559	8218
7343	BUFF	12089
7346	NAND	12090
7351	NAND	12091
7355	NAND	12092
7358	NAND	12093
7364	NAND	6149	6677
7369	NAND	6150	6680
7373	NAND	12094
7376	NAND	8541
7377	NAND	6152	6682	8548
7378	NOT	12095
7381	NOT	12096
7384	NOT	12097
7387	NAND	12098
7391	NAND	12099
7394	NAND	12100
7398	NAND	12101
7402	NAND	12102
7405	BUFF	12103
7408	BUFF	12104
7411	BUFF	12105
7414	BUFF	12106
7417	BUFF	6162	6689
7420	BUFF	6163	6688
7423	BUFF	12107
7426	BUFF	12108
7429	BUFF	12109
7432	BUFF	12110
7435	BUFF	12111
7438	BUFF	9412	10067
7441	NAND	12112
7444	NAND	12113
7447	BUFF	12114
7450	BUFF	12115
7453	BUFF	10164	10165
7456	BUFF	12116
7459	BUFF	12117
7462	BUFF	12118
7465	BUFF	12119
7468	BUFF	12120
7471	BUFF	4777	5453
7474	BUFF	4778	5452
7477	NOT	8144
7478	NOT	8145
7479	BUFF	4779	5455
7482	BUFF	4780	5454
7485	BUFF	12121
7488	BUFF	12122
7491	BUFF	12123
7494	BUFF	12124
7497	BUFF	5112	5605
7500	BUFF	5113	5604
7503	BUFF	12125
7506	BUFF	12126
7509	BUFF	12127
7512	BUFF	12128
7515	BUFF	6181	6703
7518	BUFF	6182	6702
7521	BUFF	12129
7524	BUFF	12130
7527	BUFF	12131
7530	BUFF	12132
7533	BUFF	12133
7536	BUFF	12134
7539	BUFF	12135
7542	BUFF	12136
7545	BUFF	12137
7548	BUFF	12138
7551	NOT	6185	6186	9974
7552	NOT	9976
7553	BUFF	12139
7556	NOT	8216
7557	NOT	8217
7558	NOT	8218
7559	NOT	6187	6708	8219
7560	NAND	12140
7563	NAND	12141
7566	NAND	12142
7569	NAND	12143
7572	NOT	9998
7573	NOT	9722
7574	NAND	12144
7577	NAND	12145
7580	NOT	8232
7581	NOT	8233
7582	NAND	12146
7585	NAND	6261	6758
7588	NAND	6262	6757
7591	NAND	12147
7609	OR	12148
7613	OR	12149
7620	OR	12150
7649	OR	9265
7650	OR	12151
7655	OR	12152
7659	OR	12153
7668	OR	9268
7671	OR	12154
7744	NAND	8326
7822	NAND	8358
7825	OR	8943
7826	OR	8404
7852	OR	12155
8114	OR	12156
8117	OR	12157
8131	NOR	12158
8134	NOR	12159
8144	NAND	8627
8145	NAND	8627
8146	OR	12160
8156	NOR	12161
8166	OR	12162
8169	OR	12163
8183	NOR	12164
8186	NOR	12165
8196	OR	12166
8200	NOR	12167
8204	OR	12168
8208	NOR	12169
8216	NAND	8727
8217	NAND	8727
8218	NAND	8730
8219	NAND	8730
8232	NAND	8811
8233	NAND	8811
8242	NOT	10456
8243	NOT	10558
8244	NOT	10560
8245	NOT	10562
8246	NOT	10564
8247	NOT	10466
8248	NOT	10567
8249	NOT	10569
8250	NOT	10571
8251	NOT	10573
8252	NOT	10768
8253	NOT	10108
8254	NOT	9543
8260	NOT	11214
8261	NOT	11216
8262	AND	12170
8269	AND	12171
8274	NOT	8861
8275	NOT	8862
8276	NOT	8863
8277	NOT	8864
8278	NOT	8865
8279	NOT	8866
8280	AND	9256
8281	AND	9257
8282	AND	9258
8283	AND	9259
8284	AND	9260
8285	AND	9261
8288	NOT	9551
8294	NOT	11041
8295	NOT	11043
8296	NOT	11218
8297	NOT	11220
8298	AND	12172
8307	AND	12173
8315	NOT	8880
8317	NOT	8882
8319	NOT	8884
8321	NOT	8886
8322	NAND	9275
8323	NOT	8887
8324	NAND	9243
8325	NOT	8888
8326	NAND	12174
8333	AND	12175
8337	AND	8898
8338	AND	8898
8339	AND	8898
8340	AND	9099
8341	AND	9099
8342	AND	9099
8343	AND	9103
8344	AND	9103
8345	AND	9107
8346	AND	9107
8347	AND	9111
8348	AND	8902
8349	AND	8902
8350	AND	8902
8351	AND	8902
8352	AND	9626
8353	AND	9626
8354	AND	9626
8355	AND	9629
8356	AND	9629
8357	AND	9632
8358	NAND	12176
8365	AND	12177
8369	AND	8920
8370	AND	8920
8371	AND	8920
8372	AND	9117
8373	AND	9117
8374	AND	9117
8375	AND	9127
8376	AND	9127
8377	AND	8924
8378	AND	8927
8379	AND	8927
8380	AND	8927
8381	AND	8927
8382	AND	9685
8383	AND	9685
8384	AND	9685
8385	AND	9149
8386	AND	9149
8387	AND	9149
8388	AND	9679
8389	AND	9679
8390	AND	9146
8391	AND	9146
8392	AND	8931
8393	AND	9671
8394	AND	12178
8404	AND	8943
8405	AND	12179
8409	AND	8950
8410	AND	8950
8411	AND	8950
8412	AND	12180
8415	AND	8956
8416	AND	8956
8417	AND	8956
8418	AND	8956
8421	AND	12181
8430	AND	12182
8433	AND	8963
8434	AND	8963
8435	AND	8963
8436	AND	9161
8437	AND	9161
8438	AND	9161
8439	AND	9165
8440	AND	9165
8441	AND	9169
8442	AND	9169
8443	AND	9173
8444	AND	12183
8447	AND	8966
8448	AND	8966
8449	AND	8966
8450	AND	8966
8451	AND	10659
8452	AND	10659
8453	AND	10659
8454	AND	10662
8455	AND	10662
8456	AND	10665
8457	NOT	12184
8460	NOT	12185
8463	NOT	12186
8466	NOT	12187
8469	NOT	8991
8470	NOT	8992
8471	BUFF	12188
8474	BUFF	12189
8477	BUFF	12190
8480	BUFF	12191
8483	AND	9367
8484	AND	9368
8485	AND	12192
8488	AND	8995
8489	AND	8995
8490	AND	8995
8491	AND	9183
8492	AND	9183
8493	AND	9183
8494	AND	9193
8495	AND	9193
8496	AND	8996
8497	AND	12193
8500	AND	9001
8501	AND	9001
8502	AND	9001
8503	AND	9001
8504	AND	9206
8505	AND	9206
8506	AND	9206
8507	AND	9206
8508	AND	9223
8509	AND	9223
8510	AND	9223
8511	AND	9203
8512	AND	9203
8513	AND	9203
8514	AND	9220
8515	AND	9220
8516	AND	9005
8517	AND	9707
8518	AND	9717
8519	NOT	12194
8522	NOT	12195
8525	BUFF	12196
8528	BUFF	12197
8531	BUFF	12198
8534	BUFF	12199
8537	NOT	9024
8538	NOT	9025
8539	AND	9400
8540	AND	9401
8541	AND	12200
8545	AND	9029
8546	AND	9029
8547	AND	9029
8548	AND	12201
8551	AND	9035
8552	AND	9035
8553	AND	9035
8554	AND	9035
8555	NOT	12202
8558	NOT	12203
8561	NOT	12204
8564	NOT	9053
8565	NOT	9054
8566	BUFF	12205
8569	BUFF	12206
8572	BUFF	12207
8575	BUFF	12208
8578	AND	9417
8579	AND	9418
8580	BUFF	12209
8583	BUFF	12210
8586	BUFF	12211
8589	BUFF	12212
8592	BUFF	12213
8595	BUFF	12214
8598	BUFF	12215
8601	BUFF	12216
8604	BUFF	12217
8607	NOT	9064
8608	NAND	9426
8609	NOT	9065
8610	NAND	9429
8615	NOT	10672
8616	NOT	10873
8617	NOT	10989
8618	NOT	11115
8619	NOT	11117
8624	NOT	10674
8625	NOT	10875
8626	NOT	10991
8627	NAND	12218
8632	NOT	10516
8633	NOT	10797
8634	NOT	10935
8637	NOT	10518
8638	NOT	10799
8639	NOT	10937
8644	NOT	10682
8645	NOT	10883
8646	NOT	10999
8647	NOT	11119
8648	NOT	11121
8653	NOT	10684
8654	NOT	10885
8655	NOT	11001
8660	BUFF	12219
8663	BUFF	12220
8666	BUFF	12221
8669	BUFF	12222
8672	BUFF	12223
8675	BUFF	12224
8678	BUFF	12225
8681	BUFF	12226
8684	BUFF	12227
8687	BUFF	12228
8690	BUFF	12229
8693	BUFF	12230
8696	BUFF	12231
8699	BUFF	12232
8702	BUFF	12233
8705	BUFF	12234
8708	BUFF	12235
8711	BUFF	12236
8714	BUFF	12237
8717	NOT	9691
8718	BUFF	12238
8721	BUFF	12239
8724	BUFF	12240
8727	NAND	12241
8730	NAND	12242
8733	NOT	9159
8734	NOT	9160
8735	BUFF	12243
8738	BUFF	12244
8741	BUFF	12245
8744	BUFF	12246
8747	BUFF	12247
8750	BUFF	12248
8753	NOT	9179
8754	NOT	9180
8755	NOT	9181
8756	NOT	9182
8757	BUFF	12249
8760	BUFF	12250
8763	BUFF	12251
8766	BUFF	12252
8769	BUFF	12253
8772	BUFF	12254
8775	BUFF	12255
8778	BUFF	12256
8781	BUFF	12257
8784	BUFF	12258
8787	BUFF	12259
8790	BUFF	12260
8793	BUFF	12261
8796	BUFF	12262
8799	BUFF	12263
8802	BUFF	12264
8805	BUFF	12265
8808	BUFF	12266
8811	NAND	12267
8814	NOT	9234
8815	NOT	9235
8816	NOT	9236
8817	NOT	9237
8818	AND	9238
8840	AND	9242
8857	NOT	12268
8861	AND	9256
8862	AND	9257
8863	AND	9258
8864	AND	9259
8865	AND	9260
8866	AND	9261
8871	NOT	12269
8874	AND	9265
8878	AND	9268
8879	NOT	9271
8880	NAND	9539
8881	NOT	9272
8882	NAND	9555
8883	NOT	9273
8884	NAND	9540
8885	NOT	9274
8886	NAND	9556
8887	NAND	9275
8888	NAND	9243
8898	OR	12270
8902	OR	12271
8920	OR	12272
8924	OR	12273
8927	OR	12274
8931	OR	12275
8943	OR	12276
8950	OR	12277
8956	OR	12278
8959	NOT	10296
8960	AND	9339
8963	OR	9791
8966	OR	12279
8991	AND	9367
8992	AND	9368
8995	OR	9809
8996	OR	12280
9001	OR	12281
9005	OR	12282
9024	AND	9400
9025	AND	9401
9029	OR	12283
9035	OR	12284
9053	AND	9417
9054	AND	9418
9064	NAND	9426
9065	NAND	9429
9066	NOT	9432
9067	NAND	9642
9068	OR	12285
9071	NOT	10315
9072	NOT	9435
9073	NAND	9646
9074	NOT	12286
9077	NOT	10317
9079	OR	12287
9082	NOT	10177
9083	NOT	12288
9086	NOT	10179
9087	NOT	9442
9088	NAND	9663
9089	OR	12289
9092	NOT	10325
9093	NOT	9445
9094	NAND	9667
9095	NOT	12290
9098	NOT	10327
9099	OR	12291
9103	NOR	12292
9107	OR	12293
9111	NOR	12294
9117	OR	12295
9127	NOR	12296
9146	NOR	12297
9149	NOR	12298
9159	NAND	9478
9160	NAND	9478
9161	OR	12299
9165	NOR	12300
9169	OR	12301
9173	NOR	12302
9179	NAND	9485
9180	NAND	9485
9181	NAND	9488
9182	NAND	9488
9183	OR	12303
9193	NOR	12304
9203	OR	12305
9206	OR	12306
9220	NOR	12307
9223	NOR	12308
9234	NAND	9517
9235	NAND	9517
9236	NAND	9520
9237	NAND	9520
9238	OR	10101
9242	OR	10104
9243	NAND	10709
9244	NOT	10720
9245	NOT	10770
9246	NOT	10772
9247	NOT	10774
9248	NOT	10776
9249	NOT	9898
9250	NOT	9900
9251	NOT	9902
9252	NOT	9904
9256	NOR	9650
9257	NOR	9650
9258	NOR	9653
9259	NOR	9653
9260	NOR	9656
9261	NOR	9656
9262	NOT	9911
9265	OR	12309
9268	OR	12310
9271	NAND	9539
9272	NAND	9555
9273	NAND	9540
9274	NAND	9556
9275	NAND	9541
9276	NOT	9768
9280	AND	12311
9285	AND	9626
9286	AND	9629
9287	AND	9632
9288	AND	9635
9290	NOT	9562
9292	NOT	9564
9294	NOT	9566
9296	NOT	9568
9297	NAND	9766
9298	NOT	9569
9299	NAND	9742
9300	NOT	9570
9301	NOT	9774
9307	AND	12312
9314	AND	9685
9315	AND	9679
9318	AND	9682
9319	NOT	11107
9320	NOT	11109
9321	NOT	11291
9322	NOT	11265
9323	NOT	9939
9324	NOT	10136
9326	NOT	9733
9332	AND	12313
9339	OR	12314
9344	AND	12315
9352	NOT	9593
9354	NOT	9595
9356	NOT	9597
9358	NOT	9599
9359	NAND	9799
9360	NOT	9600
9361	NAND	9739
9362	NOT	9601
9363	NOT	9602
9364	NOT	9603
9365	NOT	9604
9366	NOT	9605
9367	NOR	9702
9368	NOR	9702
9369	AND	9800
9370	AND	9801
9371	AND	9802
9372	AND	9803
9375	NOT	9949
9381	NOT	11111
9382	NOT	11113
9383	NOT	11268
9384	NOT	11270
9385	AND	12316
9392	NOT	9612
9393	NOT	9613
9394	NOT	9614
9395	NOT	9615
9396	AND	9813
9397	AND	9814
9398	AND	9815
9399	AND	9816
9400	NOR	9698
9401	NOR	9698
9402	NOT	9785
9407	NAND	9817
9408	AND	12317
9412	NOT	9954
9413	NOT	9621
9414	NOT	9622
9415	NOT	9623
9416	NOT	9624
9417	NOR	9727
9418	NOR	9727
9419	AND	9827
9420	AND	9828
9421	AND	9829
9422	AND	9830
9423	BUFF	12318
9426	NAND	12319
9429	NAND	12320
9432	NAND	9642
9435	NAND	9646
9442	NAND	9663
9445	NAND	9667
9454	NOT	10686
9455	NOT	10887
9456	NOT	11003
9459	NOT	10688
9460	NOT	10889
9461	NOT	11005
9462	BUFF	12321
9465	NOT	11007
9466	NOT	11123
9467	NOT	11232
9468	NOT	11184
9473	BUFF	12322
9476	NOT	10954
9477	NOT	11066
9478	NAND	12323
9485	NAND	12324
9488	NAND	12325
9493	NOT	10695
9494	NOT	10896
9495	NOT	11012
9498	NOT	10697
9499	NOT	10898
9500	NOT	11014
9505	NOT	10824
9506	NOT	10962
9507	NOT	11074
9508	NOT	11186
9509	NOT	11188
9514	NOT	10826
9515	NOT	10964
9516	NOT	11076
9517	NAND	12326
9520	NAND	12327
9526	AND	10102
9531	AND	10103
9539	NAND	10553
9540	NAND	10554
9541	NOT	10555
9543	AND	12328
9551	AND	12329
9555	NAND	9737
9556	NAND	9738
9557	NOT	9768
9560	AND	9758
9561	NOT	9762
9562	NAND	9894
9563	NOT	9763
9564	NAND	9923
9565	NOT	9764
9566	NAND	9895
9567	NOT	9765
9568	NAND	9924
9569	NAND	9766
9570	NAND	9742
9571	NOT	9774
9575	NOT	12330
9579	AND	9779
9581	NOT	9733
9582	NOT	10391
9585	AND	9786
9591	AND	9791
9592	NOT	9795
9593	NAND	9890
9594	NOT	9796
9595	NAND	9945
9596	NOT	9797
9597	NAND	9891
9598	NOT	9798
9599	NAND	9946
9600	NAND	9799
9601	NAND	9739
9602	AND	9800
9603	AND	9801
9604	AND	9802
9605	AND	9803
9608	NOT	12331
9611	AND	9809
9612	AND	9813
9613	AND	9814
9614	AND	9815
9615	AND	9816
9616	NOT	9785
9617	NOT	9817
9618	AND	9820
9621	AND	9827
9622	AND	9828
9623	AND	9829
9624	AND	9830
9626	OR	12332
9629	OR	12333
9632	OR	12334
9635	OR	12335
9642	NAND	12336
9645	NOT	9958
9646	NAND	12337
9649	NOT	9960
9650	NAND	12338
9653	NAND	12339
9656	NAND	12340
9659	NOT	9846
9660	NAND	9961
9661	NOT	9847
9662	NAND	9964
9663	NAND	12341
9666	NOT	9968
9667	NAND	12342
9670	NOT	9970
9671	OR	12343
9674	NOT	10329
9675	NOT	12344
9678	NOT	10331
9679	OR	12345
9682	OR	12346
9685	OR	12347
9690	NOT	9863
9691	NAND	9979
9692	NOT	12348
9695	NOT	10535
9698	NAND	12349
9702	NAND	12350
9707	OR	12351
9710	NOT	10338
9711	NOT	12352
9714	NOT	10340
9715	NOT	9873
9716	NAND	9999
9717	OR	12353
9720	NOT	10543
9721	NOT	9876
9722	NAND	10003
9723	NOT	12354
9726	NOT	10545
9727	NAND	12355
9732	AND	10101
9733	NAND	10629
9734	AND	10102
9735	AND	10103
9736	AND	10104
9737	NOT	10707
9738	NOT	10708
9739	NAND	10866
9740	NAND	10025
9741	NOT	9893
9742	NAND	10268
9754	AND	12356
9758	OR	12357
9762	NAND	9894
9763	NAND	9923
9764	NAND	9895
9765	NAND	9924
9766	NAND	9896
9767	AND	9925
9768	NAND	10130
9769	NOT	9935
9773	NAND	9932
9774	NAND	10230
9775	AND	12358
9779	OR	12359
9784	NOT	10138
9785	NAND	10139
9786	OR	12360
9790	AND	10140
9791	OR	12361
9795	NAND	9890
9796	NAND	9945
9797	NAND	9891
9798	NAND	9946
9799	NAND	9892
9800	NOR	9989
9801	NOR	9989
9802	NOR	9992
9803	NOR	9992
9805	NOT	10157
9806	NOT	10159
9809	OR	12362
9813	NOR	9983
9814	NOR	9983
9815	NOR	9986
9816	NOR	9986
9817	AND	12363
9820	OR	12364
9825	NOT	10163
9826	NOT	10165
9827	NOR	10010
9828	NOR	10010
9829	NOR	10007
9830	NOR	10007
9835	NOT	9955
9836	NAND	10070
9837	NOT	9956
9838	NAND	10073
9846	NAND	9961
9847	NAND	9964
9862	NOT	10891
9863	NAND	9979
9866	NOT	10816
9873	NAND	9999
9876	NAND	10003
9890	NAND	10765
9891	NAND	10766
9892	NOT	10767
9893	NAND	10025
9894	NAND	10105
9895	NAND	10106
9896	NOT	10107
9897	NOT	10032
9898	NAND	10109
9899	NOT	10033
9900	NAND	10110
9901	NOT	10034
9902	NAND	10111
9903	NOT	10035
9904	NAND	10112
9905	NOT	10582
9906	NOT	10036
9907	NAND	10113
9908	NOT	10037
9909	NAND	10114
9910	NOT	10038
9911	NAND	10115
9917	NOT	11155
9923	NAND	10026
9924	NAND	10028
9925	OR	12365
9932	AND	12366
9935	AND	12367
9938	NOT	10050
9939	NAND	10134
9945	NAND	10023
9946	NAND	10024
9947	NOT	10062
9948	NAND	10155
9949	AND	12368
9953	NOT	10067
9954	NAND	10161
9955	NAND	10070
9956	NAND	10073
9957	NOT	10076
9958	NAND	10170
9959	NOT	10077
9960	NAND	10173
9961	NAND	12369
9964	NAND	12370
9967	NOT	10082
9968	NAND	10180
9969	NOT	10083
9970	NAND	10183
9971	NOT	10084
9972	NAND	10186
9973	NOT	10085
9974	NAND	10189
9975	NOT	10086
9976	NAND	10192
9977	NOT	10333
9978	NOT	10690
9979	NAND	12371
9982	NOT	10196
9983	NAND	12372
9986	NAND	12373
9989	NAND	12374
9992	NAND	12375
9995	NOT	10093
9996	NAND	10197
9997	NOT	10094
9998	NAND	10200
9999	NAND	12376
10002	NOT	10204
10003	NAND	12377
10006	NOT	10206
10007	NAND	12378
10010	NAND	12379
10013	AND	10101
10014	AND	10101
10015	AND	10101
10016	AND	10102
10017	AND	10102
10018	AND	10103
10019	AND	10103
10020	AND	10104
10021	AND	10104
10022	AND	10104
10023	NOT	10864
10024	NOT	10865
10025	NAND	12380
10026	NOT	10266
10028	NOT	10267
10032	NAND	10109
10033	NAND	10110
10034	NAND	10111
10035	NAND	10112
10036	NAND	10113
10037	NAND	10114
10038	NAND	10115
10039	AND	10116
10040	AND	10116
10041	AND	10116
10042	AND	10119
10043	AND	10119
10050	NAND	10134
10053	NOT	10139
10054	AND	10233
10055	AND	10140
10056	AND	10140
10057	AND	10141
10058	AND	10141
10059	AND	10141
10060	AND	10148
10061	AND	10148
10062	NAND	10155
10067	NAND	10161
10070	NAND	12381
10073	NAND	12382
10076	NAND	10170
10077	NAND	10173
10082	NAND	10180
10083	NAND	10183
10084	NAND	10186
10085	NAND	10189
10086	NAND	10192
10093	NAND	10197
10094	NAND	10200
10101	OR	12383
10102	OR	12384
10103	OR	12385
10104	OR	12386
10105	AND	10350
10106	AND	10351
10107	AND	10352
10108	AND	10353
10109	NAND	12387
10110	NAND	12388
10111	NAND	12389
10112	NAND	12390
10113	NAND	10399
10114	NAND	10388
10115	NAND	10399
10116	OR	12391
10119	OR	12392
10124	NOT	12393
10130	AND	10381
10131	NOT	10230
10132	NOT	11225
10133	AND	10301
10134	NAND	10388
10135	NOT	10231
10136	NAND	10293
10137	NOT	10232
10138	NAND	10294
10139	AND	10233
10140	OR	10234
10141	OR	12394
10148	OR	12395
10155	NAND	10402
10156	NOT	10237
10157	NAND	10299
10158	NOT	10238
10159	NAND	10300
10160	NOT	11229
10161	NAND	10402
10162	NOT	10239
10163	NAND	10306
10164	NOT	10240
10165	NAND	10307
10170	NAND	12396
10173	NAND	12397
10176	NOT	10247
10177	NAND	10318
10178	NOT	10248
10179	NAND	10321
10180	NAND	12398
10183	NAND	12399
10186	NAND	12400
10189	NAND	12401
10192	NAND	12402
10195	NOT	10259
10196	NAND	10334
10197	NAND	12403
10200	NAND	12404
10203	NOT	10264
10204	NAND	10341
10205	NOT	10265
10206	NAND	10344
10212	NAND	10357
10213	NAND	10360
10230	AND	10301
10231	NAND	10293
10232	NAND	10294
10233	OR	10295
10234	NAND	10296
10237	NAND	10299
10238	NAND	10300
10239	NAND	10306
10240	NAND	10307
10241	NOT	10271
10242	NOT	10272
10247	NAND	10318
10248	NAND	10321
10259	NAND	10334
10264	NAND	10341
10265	NAND	10344
10266	AND	10350
10267	AND	10351
10268	AND	10352
10269	AND	10353
10270	NAND	10354
10271	NAND	10357
10272	NAND	10360
10273	BUFF	12405
10278	AND	10419
10279	AND	10422
10280	AND	10425
10281	AND	10428
10282	AND	10367
10283	NOT	12406
10287	AND	10406
10288	AND	10409
10289	AND	10412
10290	AND	10415
10291	AND	10375
10292	AND	10381
10293	NAND	10388
10294	NAND	10388
10295	NAND	10391
10296	AND	12407
10299	NAND	10399
10300	NAND	10399
10301	OR	12408
10306	NAND	10402
10307	NAND	10402
10308	BUFF	12409
10311	BUFF	12410
10314	NOT	10431
10315	NAND	10509
10316	NOT	10432
10317	NAND	10512
10318	NAND	12411
10321	NAND	12412
10324	NOT	10437
10325	NAND	10519
10326	NOT	10438
10327	NAND	10522
10328	NOT	10439
10329	NAND	10525
10330	NOT	10440
10331	NAND	10528
10332	NOT	10441
10333	NAND	10531
10334	NAND	12413
10337	NOT	10444
10338	NAND	10536
10339	NOT	10445
10340	NAND	10539
10341	NAND	12414
10344	NAND	12415
10350	OR	12416
10351	OR	12417
10352	OR	12418
10353	OR	12419
10354	AND	12420
10357	NAND	12421
10360	NAND	12422
10367	OR	12423
10375	OR	12424
10381	OR	12425
10388	AND	12426
10391	AND	12427
10399	AND	12428
10402	AND	12429
10406	OR	12430
10409	OR	12431
10412	OR	12432
10415	OR	12433
10419	OR	12434
10422	OR	12435
10425	OR	12436
10428	OR	12437
10431	NAND	10509
10432	NAND	10512
10437	NAND	10519
10438	NAND	10522
10439	NAND	10525
10440	NAND	10528
10441	NAND	10531
10444	NAND	10536
10445	NAND	10539
10450	NOT	10546
10451	AND	10628
10455	NOT	10552
10456	NAND	10632
10465	NOT	10565
10466	NAND	10641
10479	NOT	12438
10497	NOT	12439
10509	NAND	12440
10512	NAND	12441
10515	NOT	10609
10516	NAND	10675
10517	NOT	10610
10518	NAND	10678
10519	NAND	12442
10522	NAND	12443
10525	NAND	12444
10528	NAND	12445
10531	NAND	12446
10534	NOT	10621
10535	NAND	10691
10536	NAND	12447
10539	NAND	12448
10542	NOT	10626
10543	NAND	10698
10544	NOT	10627
10545	NAND	10701
10546	AND	10628
10547	NOT	10629
10548	AND	10704
10549	AND	10759
10550	NOT	10631
10551	AND	10706
10552	NAND	10632
10553	AND	10760
10554	AND	10761
10555	AND	10762
10556	AND	10763
10557	NOT	10637
10558	NAND	10711
10559	NOT	10638
10560	NAND	10712
10561	NOT	10639
10562	NAND	10713
10563	NOT	10640
10564	NAND	10714
10565	NAND	10641
10566	NOT	10642
10567	NAND	10715
10568	NOT	10643
10569	NAND	10716
10570	NOT	10644
10571	NAND	10717
10572	NOT	10645
10573	NAND	10718
10574	NOT	12449
10575	NOT	12450
10576	NOT	12451
10577	AND	10647
10581	AND	10739
10582	AND	10739
10583	NOT	12452
10587	AND	10778
10588	AND	10781
10589	NOT	12453
10594	AND	10659
10595	AND	10662
10596	AND	10665
10597	AND	10668
10598	AND	10652
10602	BUFF	12454
10609	NAND	10675
10610	NAND	10678
10621	NAND	10691
10626	NAND	10698
10627	NAND	10701
10628	OR	12455
10629	AND	10704
10631	AND	10706
10632	NAND	12456
10637	NAND	10711
10638	NAND	10712
10639	NAND	10713
10640	NAND	10714
10641	NAND	12457
10642	NAND	10715
10643	NAND	10716
10644	NAND	10717
10645	NAND	10718
10647	AND	10729
10648	AND	10739
10649	AND	10739
10652	OR	12458
10659	OR	12459
10662	OR	12460
10665	OR	12461
10668	OR	12462
10671	NOT	10737
10672	NAND	10789
10673	NOT	10738
10674	NAND	10792
10675	NAND	12463
10678	NAND	12464
10681	NOT	10746
10682	NAND	10800
10683	NOT	10747
10684	NAND	10803
10685	NOT	10748
10686	NAND	10806
10687	NOT	10749
10688	NAND	10809
10689	NOT	10750
10690	NAND	10812
10691	NAND	12465
10694	NOT	10753
10695	NAND	10817
10696	NOT	10754
10697	NAND	10820
10698	NAND	12466
10701	NAND	12467
10704	OR	12468
10705	AND	10759
10706	OR	12469
10707	AND	10760
10708	AND	10761
10709	AND	10762
10710	AND	10763
10711	NAND	12470
10712	NAND	12471
10713	NAND	12472
10714	NAND	12473
10715	NAND	12474
10716	NAND	12475
10717	NAND	12476
10718	NAND	12477
10719	NOT	10764
10720	NAND	10827
10729	NOT	12478
10730	AND	10778
10731	AND	10781
10737	NAND	10789
10738	NAND	10792
10739	OR	12479
10746	NAND	10800
10747	NAND	10803
10748	NAND	10806
10749	NAND	10809
10750	NAND	10812
10753	NAND	10817
10754	NAND	10820
10759	OR	12480
10760	OR	12481
10761	OR	12482
10762	OR	12483
10763	OR	12484
10764	NAND	10827
10765	AND	10905
10766	AND	10906
10767	AND	10907
10768	AND	10908
10769	NOT	10832
10770	NAND	10868
10771	NOT	10833
10772	NAND	10869
10773	NOT	10834
10774	NAND	10870
10775	NOT	10835
10776	NAND	10871
10778	OR	12485
10781	OR	12486
10784	NOT	12487
10789	NAND	12488
10792	NAND	12489
10796	NOT	10845
10797	NAND	10876
10798	NOT	10846
10799	NAND	10879
10800	NAND	12490
10803	NAND	12491
10806	NAND	12492
10809	NAND	12493
10812	NAND	12494
10815	NOT	10857
10816	NAND	10892
10817	NAND	12495
10820	NAND	12496
10823	NOT	10862
10824	NAND	10899
10825	NOT	10863
10826	NAND	10902
10827	NAND	12497
10832	NAND	10868
10833	NAND	10869
10834	NAND	10870
10835	NAND	10871
10836	NOT	11313
10837	BUFF	12498
10838	BUFF	12499
10839	BUFF	12500
10840	BUFF	12501
10845	NAND	10876
10846	NAND	10879
10857	NAND	10892
10862	NAND	10899
10863	NAND	10902
10864	AND	10905
10865	AND	10906
10866	AND	10907
10867	AND	10908
10868	NAND	12502
10869	NAND	12503
10870	NAND	12504
10871	NAND	12505
10872	NOT	10909
10873	NAND	10928
10874	NOT	10910
10875	NAND	10931
10876	NAND	12506
10879	NAND	12507
10882	NOT	10915
10883	NAND	10938
10884	NOT	10916
10885	NAND	10941
10886	NOT	10917
10887	NAND	10944
10888	NOT	10918
10889	NAND	10947
10890	NOT	10919
10891	NAND	10950
10892	NAND	12508
10895	NOT	10922
10896	NAND	10955
10897	NOT	10923
10898	NAND	10958
10899	NAND	12509
10902	NAND	12510
10905	OR	12511
10906	OR	12512
10907	OR	12513
10908	OR	12514
10909	NAND	10928
10910	NAND	10931
10915	NAND	10938
10916	NAND	10941
10917	NAND	10944
10918	NAND	10947
10919	NAND	10950
10922	NAND	10955
10923	NAND	10958
10928	NAND	12515
10931	NAND	12516
10934	NOT	10969
10935	NAND	10992
10936	NOT	10970
10937	NAND	10995
10938	NAND	12517
10941	NAND	12518
10944	NAND	12519
10947	NAND	12520
10950	NAND	12521
10953	NOT	10981
10954	NAND	11008
10955	NAND	12522
10958	NAND	12523
10961	NOT	10986
10962	NAND	11015
10963	NOT	10987
10964	NAND	11018
10969	NAND	10992
10970	NAND	10995
10981	NAND	11008
10986	NAND	11015
10987	NAND	11018
10988	NOT	11023
10989	NAND	11044
10990	NOT	11024
10991	NAND	11047
10992	NAND	12524
10995	NAND	12525
10998	NOT	11027
10999	NAND	11050
11000	NOT	11028
11001	NAND	11053
11002	NOT	11029
11003	NAND	11056
11004	NOT	11030
11005	NAND	11059
11006	NOT	11031
11007	NAND	11062
11008	NAND	12526
11011	NOT	11034
11012	NAND	11067
11013	NOT	11035
11014	NAND	11070
11015	NAND	12527
11018	NAND	12528
11023	NAND	11044
11024	NAND	11047
11027	NAND	11050
11028	NAND	11053
11029	NAND	11056
11030	NAND	11059
11031	NAND	11062
11034	NAND	11067
11035	NAND	11070
11040	NOT	11077
11041	NAND	11100
11042	NOT	11078
11043	NAND	11103
11044	NAND	12529
11047	NAND	12530
11050	NAND	12531
11053	NAND	12532
11056	NAND	12533
11059	NAND	12534
11062	NAND	12535
11065	NOT	11095
11066	NAND	11124
11067	NAND	12536
11070	NAND	12537
11073	NOT	11098
11074	NAND	11127
11075	NOT	11099
11076	NAND	11130
11077	NAND	11100
11078	NAND	11103
11095	NAND	11124
11098	NAND	11127
11099	NAND	11130
11100	NAND	12538
11103	NAND	12539
11106	NOT	11137
11107	NAND	11156
11108	NOT	11138
11109	NAND	11159
11110	NOT	11139
11111	NAND	11162
11112	NOT	11140
11113	NAND	11165
11114	NOT	11141
11115	NAND	11168
11116	NOT	11142
11117	NAND	11171
11118	NOT	11143
11119	NAND	11174
11120	NOT	11144
11121	NAND	11177
11122	NOT	11145
11123	NAND	11180
11124	NAND	12540
11127	NAND	12541
11130	NAND	12542
11137	NAND	11156
11138	NAND	11159
11139	NAND	11162
11140	NAND	11165
11141	NAND	11168
11142	NAND	11171
11143	NAND	11174
11144	NAND	11177
11145	NAND	11180
11152	AND	11205
11153	AND	11205
11154	AND	11205
11155	AND	11205
11156	NAND	12543
11159	NAND	12544
11162	NAND	12545
11165	NAND	12546
11168	NAND	12547
11171	NAND	12548
11174	NAND	12549
11177	NAND	12550
11180	NAND	12551
11183	NOT	11210
11184	NAND	11233
11185	NOT	11211
11186	NAND	11236
11187	NOT	11212
11188	NAND	11239
11205	OR	12552
11210	NAND	11233
11211	NAND	11236
11212	NAND	11239
11213	NOT	11242
11214	NAND	11260
11215	NOT	11243
11216	NAND	11261
11217	NOT	11244
11218	NAND	11262
11219	NOT	11245
11220	NAND	11263
11222	AND	11252
11223	AND	11252
11224	AND	11252
11225	AND	11252
11226	AND	11257
11227	AND	11257
11228	AND	11257
11229	AND	11257
11231	NOT	11250
11232	NAND	11272
11233	NAND	12553
11236	NAND	12554
11239	NAND	12555
11242	NAND	11260
11243	NAND	11261
11244	NAND	11262
11245	NAND	11263
11246	NOT	11312
11250	NAND	11272
11252	OR	12556
11257	OR	12557
11260	NAND	11278
11261	NAND	11277
11262	NAND	11280
11263	NAND	11279
11264	NOT	11282
11265	NAND	11292
11267	NOT	11284
11268	NAND	11293
11269	NOT	11285
11270	NAND	11294
11272	NAND	12558
11277	NOT	11288
11278	AND	11299
11279	NOT	11289
11280	AND	11302
11282	NAND	11292
11283	NOT	11336
11284	NAND	11293
11285	NAND	11294
11286	NOT	11329
11288	AND	11299
11289	AND	11302
11290	NOT	11295
11291	NAND	11307
11292	NAND	11296
11293	NAND	11298
11294	NAND	11297
11295	NAND	11307
11296	NOT	11308
11297	NOT	11309
11298	AND	11317
11299	OR	12559
11302	OR	12560
11307	NAND	11316
11308	AND	11323
11309	AND	11317
11312	NAND	11327
11313	NAND	11328
11314	NOT	11321
11315	NOT	11320
11316	AND	11323
11317	OR	12561
11320	NAND	11327
11321	NAND	11328
11323	OR	12562
11327	NAND	11333
11328	NAND	11334
11329	NAND	11338
11331	NOT	11335
11333	NOT	12563
11334	NOT	12564
11335	NAND	11338
11336	NAND	11341
11337	NOT	11339
11338	NAND	11340
11339	NAND	11341
11340	NOT	12565
11341	NAND	11342
11342	NOT	12566
11343	PO
11344	PO
11345	PO
11346	PO
11347	PO
11348	PO
11349	PO
11350	PO
11351	PO
11352	PO
11353	PO
11354	PO
11355	PO
11356	PO
11357	PO
11358	PO
11359	PO
11360	PO
11361	PO
11362	PO
11363	PO
11364	PO
11365	PO
11366	PO
11367	PO
11368	PO
11369	PO
11370	PO
11371	PO
11372	PO
11373	PO
11374	PO
11375	PO
11376	PO
11377	PO
11378	PO
11379	PO
11380	PO
11381	PO
11382	PO
11383	PO
11384	PO
11385	PO
11386	PO
11387	PO
11388	PO
11389	PO
11390	PO
11391	PO
11392	PO
11393	PO
11394	PO
11395	PO
11396	PO
11397	PO
11398	PO
11399	PO
11400	PO
11401	PO
11402	PO
11403	PO
11404	PO
11405	PO
11406	PO
11407	PO
11408	PO
11409	PO
11410	PO
11411	PO
11412	PO
11413	PO
11414	PO
11415	PO
11416	PO
11417	PO
11418	PO
11419	PO
11420	PO
11421	PO
11422	PO
11423	PO
11424	PO
11425	PO
11426	PO
11427	PO
11428	PO
11429	PO
11430	PO
11431	PO
11432	PO
11433	PO
11434	PO
11435	PO
11436	PO
11437	PO
11438	PO
11439	PO
11440	PO
11441	PO
11442	PO
11443	PO
11444	PO
11445	PO
11446	PO
11447	PO
11448	PO
11449	PO
11450	PO
11451	PO
11452	PO
11453	PO
11454	PO
11455	PO
11456	PO
11457	PO
11458	PO
11459	PO
11460	PO
11461	PO
11462	PO
11463	PO
11464	PO
11465	PO
11466	PO
11467	PO
11468	PO
11469	PO
11470	PO
11471	PO
11472	PO
11473	PO
11474	PO
11475	PO
11476	PO
11477	PO
11478	PO
11479	PO
11480	PO
11481	PO
11482	PO
11483	PO
11484	PO
11485	PO
11486	PO
11487	PO
11488	PO
11489	PO
11490	PO
11491	PO
11492	PO
11493	PO
11494	PO
11495	PO
11496	PO
11497	PO
11498	PO
11499	PO
11500	PO
11501	PO
11502	PO
11503	PO
11504	PO
11505	PO
11506	PO
11507	PO
11508	PO
11509	PO
11510	PO
11511	PO
11512	PO
11513	PO
11514	PO
11515	PO
11516	PO
11517	PO
11518	PO
11519	PO
11520	PO
11521	PO
11522	PO
11523	PO
11524	PO
11525	PO
11526	PO
11527	PO
11528	PO
11529	PO
11530	PO
11531	PO
11532	PO
11533	PO
11534	PO
11535	PO
11536	PO
11537	PO
11538	PO
11539	PO
11540	PO
11541	PO
11542	PO
11543	PO
11544	PO
11545	PO
11546	PO
11547	PO
11548	PO
11549	PO
11550	PO
11551	PO
11552	PO
11553	PO
11554	PO
11555	PO
11556	PO
11557	PO
11558	PO
11559	PO
11560	PO
11561	PO
11562	PO
11563	PO
11564	PO
11565	PO
11566	PO
11567	PO
11568	PO
11569	PO
11570	PO
11571	PO
11572	PO
11573	PO
11574	PO
11575	PO
11576	PO
11577	PO
11578	PO
11579	PO
11580	PO
11581	PO
11582	PO
11583	PO
11584	PO
11585	PO
11586	PO
11587	PO
11588	PO
11589	PO
11590	PO
11591	PO
11592	PO
11593	PO
11594	PO
11595	PO
11596	PO
11597	PO
11598	PO
11599	PO
11600	PO
11601	PO
11602	PO
11603	PO
11604	PO
11605	PO
11606	PO
11607	PO
11608	PO
11609	PO
11610	PO
11611	PO
11612	PO
11613	PO
11614	PO
11615	PO
11616	PO
11617	PO
11618	PO
11619	PO
11620	PO
11621	PO
11622	PO
11623	PO
11624	PO
11625	PO
11626	PO
11627	PO
11628	PO
11629	PO
11630	PO
11631	PO
11632	PO
11633	PO
11634	PO
11635	PO
11636	PO
11637	PO
11638	PO
11639	PO
11640	PO
11641	PO
11642	PO
11643	PO
11644	PO
11645	PO
11646	PO
11647	PO
11648	PO
11649	PO
11650	PO
11651	PO
11652	PO
11653	PO
11654	PO
11655	PO
11656	PO
11657	PO
11658	PO
11659	PO
11660	PO
11661	PO
11662	PO
11663	PO
11664	PO
11665	PO
11666	PO
11667	PO
11668	PO
11669	PO
11670	PO
11671	PO
11672	PO
11673	PO
11674	PO
11675	PO
11676	PO
11677	PO
11678	PO
11679	PO
11680	PO
11681	PO
11682	PO
11683	PO
11684	PO
11685	PO
11686	PO
11687	PO
11688	PO
11689	PO
11690	PO
11691	PO
11692	PO
11693	PO
11694	PO
11695	PO
11696	PO
11697	PO
11698	PO
11699	PO
11700	PO
11701	PO
11702	PO
11703	PO
11704	PO
11705	PO
11706	PO
11707	PO
11708	PO
11709	PO
11710	PO
11711	PO
11712	PO
11713	PO
11714	PO
11715	PO
11716	PO
11717	PO
11718	PO
11719	PO
11720	PO
11721	PO
11722	PO
11723	PO
11724	PO
11725	PO
11726	PO
11727	PO
11728	PO
11729	PO
11730	PO
11731	PO
11732	PO
11733	PO
11734	PO
11735	PO
11736	PO
11737	PO
11738	PO
11739	PO
11740	PO
11741	PO
11742	PO
11743	PO
11744	PO
11745	PO
11746	PO
11747	PO
11748	PO
11749	PO
11750	PO
11751	PO
11752	PO
11753	PO
11754	PO
11755	PO
11756	PO
11757	PO
11758	PO
11759	PO
11760	PO
11761	PO
11762	PO
11763	PO
11764	PO
11765	PO
11766	PO
11767	PO
11768	PO
11769	PO
11770	PO
11771	PO
11772	PO
11773	PO
11774	PO
11775	PO
11776	PO
11777	PO
11778	PO
11779	PO
11780	PO
11781	PO
11782	PO
11783	PO
11784	PO
11785	PO
11786	PO
11787	PO
11788	PO
11789	PO
11790	PO
11791	PO
11792	PO
11793	PO
11794	PO
11795	PO
11796	PO
11797	PO
11798	PO
11799	PO
11800	PO
11801	PO
11802	PO
11803	PO
11804	PO
11805	PO
11806	PO
11807	PO
11808	PO
11809	PO
11810	PO
11811	PO
11812	PO
11813	PO
11814	PO
11815	PO
11816	PO
11817	PO
11818	PO
11819	PO
11820	PO
11821	PO
11822	PO
11823	PO
11824	PO
11825	PO
11826	PO
11827	PO
11828	PO
11829	PO
11830	PO
11831	PO
11832	PO
11833	PO
11834	PO
11835	PO
11836	PO
11837	PO
11838	PO
11839	PO
11840	PO
11841	PO
11842	PO
11843	PO
11844	PO
11845	PO
11846	PO
11847	PO
11848	PO
11849	PO
11850	PO
11851	PO
11852	PO
11853	PO
11854	PO
11855	PO
11856	PO
11857	PO
11858	PO
11859	PO
11860	PO
11861	PO
11862	PO
11863	PO
11864	PO
11865	PO
11866	PO
11867	PO
11868	PO
11869	PO
11870	PO
11871	PO
11872	PO
11873	PO
11874	PO
11875	PO
11876	PO
11877	PO
11878	PO
11879	PO
11880	PO
11881	PO
11882	PO
11883	PO
11884	PO
11885	PO
11886	PO
11887	PO
11888	PO
11889	PO
11890	PO
11891	PO
11892	PO
11893	PO
11894	PO
11895	PO
11896	PO
11897	PO
11898	PO
11899	PO
11900	PO
11901	PO
11902	PO
11903	PO
11904	PO
11905	PO
11906	PO
11907	PO
11908	PO
11909	PO
11910	PO
11911	PO
11912	PO
11913	PO
11914	PO
11915	PO
11916	PO
11917	PO
11918	PO
11919	PO
11920	PO
11921	PO
11922	PO
11923	PO
11924	PO
11925	PO
11926	PO
11927	PO
11928	PO
11929	PO
11930	PO
11931	PO
11932	PO
11933	PO
11934	PO
11935	PO
11936	PO
11937	PO
11938	PO
11939	PO
11940	PO
11941	PO
11942	PO
11943	PO
11944	PO
11945	PO
11946	PO
11947	PO
11948	PO
11949	PO
11950	PO
11951	PO
11952	PO
11953	PO
11954	PO
11955	PO
11956	PO
11957	PO
11958	PO
11959	PO
11960	PO
11961	PO
11962	PO
11963	PO
11964	PO
11965	PO
11966	PO
11967	PO
11968	PO
11969	PO
11970	PO
11971	PO
11972	PO
11973	PO
11974	PO
11975	PO
11976	PO
11977	PO
11978	PO
11979	PO
11980	PO
11981	PO
11982	PO
11983	PO
11984	PO
11985	PO
11986	PO
11987	PO
11988	PO
11989	PO
11990	PO
11991	PO
11992	PO
11993	PO
11994	PO
11995	PO
11996	PO
11997	PO
11998	PO
11999	PO
12000	PO
12001	PO
12002	PO
12003	PO
12004	PO
12005	PO
12006	PO
12007	PO
12008	PO
12009	PO
12010	PO
12011	PO
12012	PO
12013	PO
12014	PO
12015	PO
12016	PO
12017	PO
12018	PO
12019	PO
12020	PO
12021	PO
12022	PO
12023	PO
12024	PO
12025	PO
12026	PO
12027	PO
12028	PO
12029	PO
12030	PO
12031	PO
12032	PO
12033	PO
12034	PO
12035	PO
12036	PO
12037	PO
12038	PO
12039	PO
12040	PO
12041	PO
12042	PO
12043	PO
12044	PO
12045	PO
12046	PO
12047	PO
12048	PO
12049	PO
12050	PO
12051	PO
12052	PO
12053	PO
12054	PO
12055	PO
12056	PO
12057	PO
12058	PO
12059	PO
12060	PO
12061	PO
12062	PO
12063	PO
12064	PO
12065	PO
12066	PO
12067	PO
12068	PO
12069	PO
12070	PO
12071	PO
12072	PO
12073	PO
12074	PO
12075	PO
12076	PO
12077	PO
12078	PO
12079	PO
12080	PO
12081	PO
12082	PO
12083	PO
12084	PO
12085	PO
12086	PO
12087	PO
12088	PO
12089	PO
12090	PO
12091	PO
12092	PO
12093	PO
12094	PO
12095	PO
12096	PO
12097	PO
12098	PO
12099	PO
12100	PO
12101	PO
12102	PO
12103	PO
12104	PO
12105	PO
12106	PO
12107	PO
12108	PO
12109	PO
12110	PO
12111	PO
12112	PO
12113	PO
12114	PO
12115	PO
12116	PO
12117	PO
12118	PO
12119	PO
12120	PO
12121	PO
12122	PO
12123	PO
12124	PO
12125	PO
12126	PO
12127	PO
12128	PO
12129	PO
12130	PO
12131	PO
12132	PO
12133	PO
12134	PO
12135	PO
12136	PO
12137	PO
12138	PO
12139	PO
12140	PO
12141	PO
12142	PO
12143	PO
12144	PO
12145	PO
12146	PO
12147	PO
12148	PO
12149	PO
12150	PO
12151	PO
12152	PO
12153	PO
12154	PO
12155	PO
12156	PO
12157	PO
12158	PO
12159	PO
12160	PO
12161	PO
12162	PO
12163	PO
12164	PO
12165	PO
12166	PO
12167	PO
12168	PO
12169	PO
12170	PO
12171	PO
12172	PO
12173	PO
12174	PO
12175	PO
12176	PO
12177	PO
12178	PO
12179	PO
12180	PO
12181	PO
12182	PO
12183	PO
12184	PO
12185	PO
12186	PO
12187	PO
12188	PO
12189	PO
12190	PO
12191	PO
12192	PO
12193	PO
12194	PO
12195	PO
12196	PO
12197	PO
12198	PO
12199	PO
12200	PO
12201	PO
12202	PO
12203	PO
12204	PO
12205	PO
12206	PO
12207	PO
12208	PO
12209	PO
12210	PO
12211	PO
12212	PO
12213	PO
12214	PO
12215	PO
12216	PO
12217	PO
12218	PO
12219	PO
12220	PO
12221	PO
12222	PO
12223	PO
12224	PO
12225	PO
12226	PO
12227	PO
12228	PO
12229	PO
12230	PO
12231	PO
12232	PO
12233	PO
12234	PO
12235	PO
12236	PO
12237	PO
12238	PO
12239	PO
12240	PO
12241	PO
12242	PO
12243	PO
12244	PO
12245	PO
12246	PO
12247	PO
12248	PO
12249	PO
12250	PO
12251	PO
12252	PO
12253	PO
12254	PO
12255	PO
12256	PO
12257	PO
12258	PO
12259	PO
12260	PO
12261	PO
12262	PO
12263	PO
12264	PO
12265	PO
12266	PO
12267	PO
12268	PO
12269	PO
12270	PO
12271	PO
12272	PO
12273	PO
12274	PO
12275	PO
12276	PO
12277	PO
12278	PO
12279	PO
12280	PO
12281	PO
12282	PO
12283	PO
12284	PO
12285	PO
12286	PO
12287	PO
12288	PO
12289	PO
12290	PO
12291	PO
12292	PO
12293	PO
12294	PO
12295	PO
12296	PO
12297	PO
12298	PO
12299	PO
12300	PO
12301	PO
12302	PO
12303	PO
12304	PO
12305	PO
12306	PO
12307	PO
12308	PO
12309	PO
12310	PO
12311	PO
12312	PO
12313	PO
12314	PO
12315	PO
12316	PO
12317	PO
12318	PO
12319	PO
12320	PO
12321	PO
12322	PO
12323	PO
12324	PO
12325	PO
12326	PO
12327	PO
12328	PO
12329	PO
12330	PO
12331	PO
12332	PO
12333	PO
12334	PO
12335	PO
12336	PO
12337	PO
12338	PO
12339	PO
12340	PO
12341	PO
12342	PO
12343	PO
12344	PO
12345	PO
12346	PO
12347	PO
12348	PO
12349	PO
12350	PO
12351	PO
12352	PO
12353	PO
12354	PO
12355	PO
12356	PO
12357	PO
12358	PO
12359	PO
12360	PO
12361	PO
12362	PO
12363	PO
12364	PO
12365	PO
12366	PO
12367	PO
12368	PO
12369	PO
12370	PO
12371	PO
12372	PO
12373	PO
12374	PO
12375	PO
12376	PO
12377	PO
12378	PO
12379	PO
12380	PO
12381	PO
12382	PO
12383	PO
12384	PO
12385	PO
12386	PO
12387	PO
12388	PO
12389	PO
12390	PO
12391	PO
12392	PO
12393	PO
12394	PO
12395	PO
12396	PO
12397	PO
12398	PO
12399	PO
12400	PO
12401	PO
12402	PO
12403	PO
12404	PO
12405	PO
12406	PO
12407	PO
12408	PO
12409	PO
12410	PO
12411	PO
12412	PO
12413	PO
12414	PO
12415	PO
12416	PO
12417	PO
12418	PO
12419	PO
12420	PO
12421	PO
12422	PO
12423	PO
12424	PO
12425	PO
12426	PO
12427	PO
12428	PO
12429	PO
12430	PO
12431	PO
12432	PO
12433	PO
12434	PO
12435	PO
12436	PO
12437	PO
12438	PO
12439	PO
12440	PO
12441	PO
12442	PO
12443	PO
12444	PO
12445	PO
12446	PO
12447	PO
12448	PO
12449	PO
12450	PO
12451	PO
12452	PO
12453	PO
12454	PO
12455	PO
12456	PO
12457	PO
12458	PO
12459	PO
12460	PO
12461	PO
12462	PO
12463	PO
12464	PO
12465	PO
12466	PO
12467	PO
12468	PO
12469	PO
12470	PO
12471	PO
12472	PO
12473	PO
12474	PO
12475	PO
12476	PO
12477	PO
12478	PO
12479	PO
12480	PO
12481	PO
12482	PO
12483	PO
12484	PO
12485	PO
12486	PO
12487	PO
12488	PO
12489	PO
12490	PO
12491	PO
12492	PO
12493	PO
12494	PO
12495	PO
12496	PO
12497	PO
12498	PO
12499	PO
12500	PO
12501	PO
12502	PO
12503	PO
12504	PO
12505	PO
12506	PO
12507	PO
12508	PO
12509	PO
12510	PO
12511	PO
12512	PO
12513	PO
12514	PO
12515	PO
12516	PO
12517	PO
12518	PO
12519	PO
12520	PO
12521	PO
12522	PO
12523	PO
12524	PO
12525	PO
12526	PO
12527	PO
12528	PO
12529	PO
12530	PO
12531	PO
12532	PO
12533	PO
12534	PO
12535	PO
12536	PO
12537	PO
12538	PO
12539	PO
12540	PO
12541	PO
12542	PO
12543	PO
12544	PO
12545	PO
12546	PO
12547	PO
12548	PO
12549	PO
12550	PO
12551	PO
12552	PO
12553	PO
12554	PO
12555	PO
12556	PO
12557	PO
12558	PO
12559	PO
12560	PO
12561	PO
12562	PO
12563	PO
12564	PO
12565	PO
12566	PO
