1	PI	269	270	276	279	280	483
8	PI	269	279	280	309
13	PI	269	270	280
17	PI	269	270	279	317	322	323	432	443
26	PI	270	276
29	PI	273	285	287	290	291	292
36	PI	273	291	292	295	296
42	PI	273	284	290	292	294	296	322	323
51	PI	276	279	316
55	PI	280	427	437
59	PI	284	286	293	294	295	296	319	442
68	PI	284	285	286
72	PI	284
73	PI	400
74	PI	286
75	PI	287	290	293	294
80	PI	287	291	293	295
85	PI	297
86	PI	297
87	PI	298
88	PI	298
89	PI	355
90	PI	356
91	PI	301	302	332	502
96	PI	301	302	333	504
101	PI	303	304	334	506
106	PI	303	304	335	508
111	PI	305	306	336	511
116	PI	305	306	338	513
121	PI	307	308	340	515
126	PI	307	308	517
130	PI	498	499	518	519
135	PI	500	501
138	PI	309	316	317	318
143	PI	475	510
146	PI	477	512
149	PI	479	514
152	PI	318
153	PI	481	516
156	PI	319	442
159	PI	324	325	522	590	593
165	PI	324	325	523	597	600
171	PI	326	327	524	606	609
177	PI	326	327	525	616	619
183	PI	328	329	526	625	628
189	PI	328	329	527	632	635
195	PI	330	331	528	641	644
201	PI	330	331	529	651	654
207	PI	520	521
210	PI	332	333	334	335	336	338	340	417
219	PI	794	808	809	810	836	851	852	853
228	PI	736	739	742	745	748	751	754	759
237	PI	737	740	743	746	749	752	755	760
246	PI	596	605	615	624	631	640	650	659
255	PI	337	339	341
259	PI	337
260	PI	339
261	PI	732	733	734	757	758
267	PI	341
268	PI	310
269	NAND	342
270	NAND	344	392
273	AND	343	344
276	AND	345	346
279	NAND	347
280	NAND	348	349	350
284	NAND	348
285	NAND	349
286	NAND	350
287	AND	432	437
290	AND	388
291	AND	389
292	AND	390
293	AND	351
294	AND	352
295	AND	353
296	AND	354
297	AND	391
298	OR	355	356
301	NAND	357
302	OR	357
303	NAND	360
304	OR	360
305	NAND	363
306	OR	363
307	NAND	366
308	OR	366
309	AND	536
310	NOT	369	476	478	480	482
316	AND	537
317	AND	538
318	AND	539
319	NAND	427	443
322	NOR	375
323	AND	375
324	NAND	376
325	OR	376
326	NAND	379
327	OR	379
328	NAND	382
329	OR	382
330	NAND	385
331	OR	385
332	AND	860
333	AND	861
334	AND	845
335	AND	826
336	AND	827
337	AND	712
338	AND	828
339	AND	721
340	AND	805
341	AND	731
342	NOT	418
343	NOT	392
344	OR	419
345	NOT	393
346	NOT	399
347	NOT	410
348	NOR	400
349	OR	401
350	OR	402
351	NOT	420
352	NOT	410
353	NOT	421
354	NOT	422
355	NAND	403
356	AND	423
357	NAND	404	406
360	NAND	405	406
363	NAND	407	409
366	NAND	408	409
369	NOT	417	488	489	490	491
375	NOR	442
376	NAND	411	413
379	NAND	412	413
382	NAND	414	416
385	NAND	415	416
388	BUFF	881
389	BUFF	882
390	BUFF	883
391	BUFF	884
392	OR	446
393	NOT	427	432	437	442	443
399	NOT	447
400	AND	424
401	NOT	448
402	NOT	449
403	NOT	450
404	NOT	425
405	NOT	425
406	AND	460
407	NOT	426
408	NOT	426
409	AND	463
410	NAND	466
411	NOT	444
412	NOT	444
413	AND	492
414	NOT	445
415	NOT	445
416	AND	495
417	AND	859
418	BUFF	885
419	BUFF	886
420	BUFF	887
421	BUFF	888
422	BUFF	889
423	BUFF	890
424	NOT	451
425	AND	460
426	AND	463
427	AND	475	477	479	481
432	AND	476	478	480	482
437	NAND	488	489	490	491
442	NAND	466
443	NAND	483
444	AND	492
445	AND	495
446	BUFF	891
447	BUFF	892
448	BUFF	893
449	BUFF	894
450	BUFF	895
451	NOT	522	523	524	525	526	527	528	529
460	NOR	498	499
463	NOR	500	501
466	NAND	502	504	506	508	511	513	515	517
475	AND	503
476	AND	503
477	AND	505
478	AND	505
479	AND	507
480	AND	507
481	AND	509
482	AND	509
483	NAND	510	512	514	516
488	OR	569
489	OR	573
490	OR	577
491	OR	581
492	NOR	518	519
495	NOR	520	521
498	NAND	530
499	OR	530
500	NAND	533
501	OR	533
502	AND	536
503	NOR	553
504	AND	537
505	NOR	557
506	AND	538
507	NOR	561
508	AND	539
509	NOR	565
510	AND	540
511	AND	540
512	AND	541
513	AND	541
514	AND	542
515	AND	542
516	AND	543
517	AND	543
518	NAND	544
519	OR	544
520	NAND	547
521	OR	547
522	AND	669
523	AND	677
524	AND	686
525	AND	696
526	AND	704
527	NAND	838
528	NAND	839
529	NAND	811
530	NAND	550	552
533	NAND	551	552
536	NOR	553
537	NOR	557
538	NOR	561
539	NOR	565
540	NOR	569
541	NOR	573
542	NOR	577
543	NOR	581
544	NAND	585	587
547	NAND	586	587
550	NOT	588
551	NOT	588
552	AND	660
553	NAND	590	593	596
557	NAND	597	600	605
561	NAND	606	609	615
565	NAND	616	619	624
569	NAND	625	628	631
573	NAND	632	635	640
577	NAND	641	644	650
581	NAND	651	654	659
585	NOT	589
586	NOT	589
587	AND	661
588	AND	660
589	AND	661
590	NAND	662	665
593	OR	665	841
596	AND	669
597	NAND	670	673
600	OR	673	765	766	814
605	AND	677
606	NAND	678	682
609	OR	682	764	766	813	814
615	AND	686
616	NAND	687	692
619	OR	692	812	813	814
624	AND	696
625	NAND	697	700
628	OR	700	795
631	AND	704
632	NAND	705	708
635	OR	708	734	762	763
640	AND	712
641	NAND	713	717
644	OR	717	733	734	761	763
650	AND	721
651	NAND	722	727
654	OR	727	732	733	734
659	AND	731
660	NOR	767
661	NOR	768
662	NOT	735	737
665	AND	736	830	831
669	NOR	867
670	NOT	738	740
673	AND	739	832	833
677	NOR	868
678	NOT	741	743	765
682	AND	742	834	835
686	NOR	869
687	NOT	744	746	764	766
692	AND	745	806	807
696	NOR	854
697	NOT	747	749
700	AND	748	788	789
704	NOR	837
705	NOT	750	752
708	AND	751	790	791
712	NOR	838
713	NOT	753	755	762
717	AND	754	792	793
721	NOR	839
722	NOT	756	760	761	763
727	AND	757	758	759
731	NOR	811
732	NAND	782
733	NAND	778
734	NAND	773
735	NOT	849
736	AND	769
737	AND	769
738	NOT	815
739	AND	770
740	AND	770
741	NOT	819
742	AND	771
743	AND	771
744	NOT	822
745	AND	772
746	AND	772
747	NOT	796
748	AND	777
749	AND	777
750	NOT	773
751	AND	781
752	AND	781
753	NOT	778
754	AND	785
755	AND	785
756	NOT	782
757	NOR	786
758	AND	786
759	AND	787
760	AND	787
761	NAND	778
762	NAND	773
763	NAND	773
764	NAND	819
765	NAND	815
766	NAND	815
767	BUFF	896
768	BUFF	897
769	NOR	867
770	NOR	868
771	NOR	869
772	NOR	854
773	NAND	788	789	795
777	NOR	837
778	NAND	790	791
781	NOR	838
782	NAND	792	793
785	NOR	839
786	NOR	794
787	NOR	811
788	NOR	802
789	AND	802
790	NOR	803
791	AND	803
792	NOR	804
793	AND	804
794	AND	805
795	NAND	796
796	NAND	806	807	812	813	814
802	NOR	808
803	NOR	809
804	NOR	810
805	NOR	811
806	NOR	825
807	AND	825
808	AND	826
809	AND	827
810	AND	828
811	NAND	829
812	NAND	822
813	NAND	819
814	NAND	815
815	NAND	830	831	841
819	NAND	832	833
822	NAND	834	835
825	NOR	836
826	NOR	837
827	NOR	838
828	NOR	839
829	NOT	840
830	NOR	842
831	AND	842
832	NOR	843
833	AND	843
834	NOR	844
835	AND	844
836	AND	845
837	NAND	846
838	NAND	847
839	NAND	848
840	NOT	850
841	NAND	849
842	NOR	851
843	NOR	852
844	NOR	853
845	NOR	854
846	NOT	855
847	NOT	856
848	NOT	857
849	AND	858
850	BUFF	898
851	AND	859
852	AND	860
853	AND	861
854	NAND	862
855	NOT	863
856	NOT	864
857	NOT	865
858	NOT	866
859	NOR	867
860	NOR	868
861	NOR	869
862	NOT	870
863	BUFF	899
864	BUFF	900
865	BUFF	901
866	BUFF	902
867	NAND	871
868	NAND	872
869	NAND	873
870	NOT	874
871	NOT	875
872	NOT	876
873	NOT	877
874	BUFF	903
875	NOT	878
876	NOT	879
877	NOT	880
878	BUFF	904
879	BUFF	905
880	BUFF	906
881	PO
882	PO
883	PO
884	PO
885	PO
886	PO
887	PO
888	PO
889	PO
890	PO
891	PO
892	PO
893	PO
894	PO
895	PO
896	PO
897	PO
898	PO
899	PO
900	PO
901	PO
902	PO
903	PO
904	PO
905	PO
906	PO
